,time,infection_status,risk_group,count
0,0,i,g0-00,2
1,0,i,g0-01,2
2,0,i,g0-10,4
3,0,i,g0-11,2
4,0,i,g1-00,2
5,0,i,g1-01,2
6,0,i,g1-11,2
7,0,s,g0-00,1223
8,0,s,g0-01,845
9,0,s,g0-10,1182
10,0,s,g0-11,839
11,0,s,g1-00,2773
12,0,s,g1-01,3151
13,0,s,g1-10,2814
14,0,s,g1-11,3157
15,1,i,g0-00,3
16,1,i,g0-01,1
17,1,i,g0-10,1
18,1,i,g0-11,2
19,1,i,g1-00,1
20,1,i,g1-01,4
21,1,i,g1-10,2
22,1,i,g1-11,1
23,1,r,g0-00,1
24,1,r,g0-10,1
25,1,r,g0-11,1
26,1,r,g1-11,1
27,1,s,g0-00,1176
28,1,s,g0-01,786
29,1,s,g0-10,1212
30,1,s,g0-11,849
31,1,s,g1-00,2819
32,1,s,g1-01,3209
33,1,s,g1-10,2784
34,1,s,g1-11,3146
35,2,i,g0-00,2
36,2,i,g0-01,2
37,2,i,g0-10,3
38,2,i,g0-11,2
39,2,i,g1-00,2
40,2,i,g1-01,3
41,2,i,g1-10,1
42,2,i,g1-11,5
43,2,r,g0-00,1
44,2,r,g0-01,1
45,2,r,g1-01,1
46,2,r,g1-10,2
47,2,r,g1-11,3
48,2,s,g0-00,1213
49,2,s,g0-01,839
50,2,s,g0-10,1254
51,2,s,g0-11,810
52,2,s,g1-00,2782
53,2,s,g1-01,3154
54,2,s,g1-10,2740
55,2,s,g1-11,3180
56,3,i,g0-00,5
57,3,i,g0-01,2
58,3,i,g0-10,4
59,3,i,g0-11,2
60,3,i,g1-00,3
61,3,i,g1-01,6
62,3,i,g1-10,1
63,3,i,g1-11,5
64,3,r,g0-10,1
65,3,r,g1-00,2
66,3,r,g1-01,2
67,3,r,g1-10,1
68,3,r,g1-11,5
69,3,s,g0-00,1168
70,3,s,g0-01,828
71,3,s,g0-10,1208
72,3,s,g0-11,880
73,3,s,g1-00,2822
74,3,s,g1-01,3162
75,3,s,g1-10,2785
76,3,s,g1-11,3108
77,4,i,g0-00,8
78,4,i,g0-01,4
79,4,i,g0-10,3
80,4,i,g0-11,3
81,4,i,g1-00,3
82,4,i,g1-01,6
83,4,i,g1-10,4
84,4,i,g1-11,3
85,4,r,g0-00,3
86,4,r,g0-01,2
87,4,r,g0-11,1
88,4,r,g1-00,1
89,4,r,g1-01,1
90,4,r,g1-10,2
91,4,r,g1-11,5
92,4,s,g0-00,1180
93,4,s,g0-01,822
94,4,s,g0-10,1218
95,4,s,g0-11,811
96,4,s,g1-00,2805
97,4,s,g1-01,3165
98,4,s,g1-10,2773
99,4,s,g1-11,3177
100,5,i,g0-00,3
101,5,i,g0-01,4
102,5,i,g0-10,4
103,5,i,g0-11,3
104,5,i,g1-00,11
105,5,i,g1-01,8
106,5,i,g1-10,3
107,5,i,g1-11,1
108,5,r,g0-10,1
109,5,r,g0-11,1
110,5,r,g1-00,4
111,5,r,g1-01,4
112,5,r,g1-10,1
113,5,r,g1-11,7
114,5,s,g0-00,1207
115,5,s,g0-01,817
116,5,s,g0-10,1167
117,5,s,g0-11,850
118,5,s,g1-00,2775
119,5,s,g1-01,3167
120,5,s,g1-10,2824
121,5,s,g1-11,3138
122,6,i,g0-00,9
123,6,i,g0-01,7
124,6,i,g0-10,4
125,6,i,g0-11,3
126,6,i,g1-00,4
127,6,i,g1-01,4
128,6,i,g1-10,4
129,6,i,g1-11,4
130,6,r,g0-00,3
131,6,r,g0-01,1
132,6,r,g0-11,1
133,6,r,g1-00,3
134,6,r,g1-01,6
135,6,r,g1-10,3
136,6,r,g1-11,7
137,6,s,g0-00,1213
138,6,s,g0-01,854
139,6,s,g0-10,1224
140,6,s,g0-11,863
141,6,s,g1-00,2768
142,6,s,g1-01,3128
143,6,s,g1-10,2765
144,6,s,g1-11,3122
145,7,i,g0-00,6
146,7,i,g0-01,7
147,7,i,g0-10,4
148,7,i,g0-11,5
149,7,i,g1-00,7
150,7,i,g1-01,8
151,7,i,g1-10,5
152,7,i,g1-11,3
153,7,r,g0-00,2
154,7,r,g0-01,1
155,7,r,g0-10,2
156,7,r,g0-11,3
157,7,r,g1-00,5
158,7,r,g1-01,9
159,7,r,g1-10,2
160,7,r,g1-11,6
161,7,s,g0-00,1199
162,7,s,g0-01,843
163,7,s,g0-10,1183
164,7,s,g0-11,796
165,7,s,g1-00,2781
166,7,s,g1-01,3132
167,7,s,g1-10,2804
168,7,s,g1-11,3187
169,8,i,g0-00,8
170,8,i,g0-01,4
171,8,i,g0-10,4
172,8,i,g0-11,3
173,8,i,g1-00,7
174,8,i,g1-01,13
175,8,i,g1-10,6
176,8,i,g1-11,3
177,8,r,g0-00,2
178,8,r,g0-01,2
179,8,r,g0-11,2
180,8,r,g1-00,6
181,8,r,g1-01,9
182,8,r,g1-10,5
183,8,r,g1-11,10
184,8,s,g0-00,1225
185,8,s,g0-01,813
186,8,s,g0-10,1191
187,8,s,g0-11,874
188,8,s,g1-00,2752
189,8,s,g1-01,3159
190,8,s,g1-10,2794
191,8,s,g1-11,3108
192,9,i,g0-00,10
193,9,i,g0-01,11
194,9,i,g0-10,8
195,9,i,g0-11,6
196,9,i,g1-00,5
197,9,i,g1-01,11
198,9,i,g1-10,3
199,9,i,g1-11,3
200,9,r,g0-00,4
201,9,r,g0-10,2
202,9,r,g0-11,1
203,9,r,g1-00,5
204,9,r,g1-01,13
205,9,r,g1-10,5
206,9,r,g1-11,11
207,9,s,g0-00,1181
208,9,s,g0-01,835
209,9,s,g0-10,1241
210,9,s,g0-11,877
211,9,s,g1-00,2795
212,9,s,g1-01,3130
213,9,s,g1-10,2741
214,9,s,g1-11,3102
215,10,i,g0-00,6
216,10,i,g0-01,6
217,10,i,g0-10,9
218,10,i,g0-11,4
219,10,i,g1-00,6
220,10,i,g1-01,15
221,10,i,g1-10,1
222,10,i,g1-11,4
223,10,r,g0-00,4
224,10,r,g0-01,6
225,10,r,g0-10,3
226,10,r,g0-11,2
227,10,r,g1-00,8
228,10,r,g1-01,13
229,10,r,g1-10,5
230,10,r,g1-11,13
231,10,s,g0-00,1168
232,10,s,g0-01,840
233,10,s,g0-10,1223
234,10,s,g0-11,862
235,10,s,g1-00,2808
236,10,s,g1-01,3120
237,10,s,g1-10,2759
238,10,s,g1-11,3115
239,11,i,g0-00,7
240,11,i,g0-01,5
241,11,i,g0-10,4
242,11,i,g0-11,1
243,11,i,g1-00,5
244,11,i,g1-01,14
245,11,i,g1-10,5
246,11,i,g1-11,8
247,11,r,g0-00,8
248,11,r,g0-01,2
249,11,r,g0-10,1
250,11,r,g0-11,3
251,11,r,g1-00,6
252,11,r,g1-01,22
253,11,r,g1-10,8
254,11,r,g1-11,13
255,11,s,g0-00,1241
256,11,s,g0-01,784
257,11,s,g0-10,1218
258,11,s,g0-11,864
259,11,s,g1-00,2733
260,11,s,g1-01,3173
261,11,s,g1-10,2764
262,11,s,g1-11,3111
263,12,i,g0-00,10
264,12,i,g0-01,9
265,12,i,g0-10,5
266,12,i,g0-11,5
267,12,i,g1-00,5
268,12,i,g1-01,13
269,12,i,g1-10,6
270,12,i,g1-11,5
271,12,r,g0-00,6
272,12,r,g0-01,8
273,12,r,g0-10,3
274,12,r,g0-11,3
275,12,r,g1-00,8
276,12,r,g1-01,18
277,12,r,g1-10,7
278,12,r,g1-11,14
279,12,s,g0-00,1231
280,12,s,g0-01,803
281,12,s,g0-10,1224
282,12,s,g0-11,840
283,12,s,g1-00,2740
284,12,s,g1-01,3149
285,12,s,g1-10,2755
286,12,s,g1-11,3133
287,13,i,g0-00,9
288,13,i,g0-01,12
289,13,i,g0-10,5
290,13,i,g0-11,6
291,13,i,g1-00,8
292,13,i,g1-01,15
293,13,i,g1-10,10
294,13,i,g1-11,3
295,13,r,g0-00,6
296,13,r,g0-01,13
297,13,r,g0-10,2
298,13,r,g0-11,5
299,13,r,g1-00,9
300,13,r,g1-01,13
301,13,r,g1-10,9
302,13,r,g1-11,16
303,13,s,g0-00,1179
304,13,s,g0-01,840
305,13,s,g0-10,1238
306,13,s,g0-11,880
307,13,s,g1-00,2789
308,13,s,g1-01,3107
309,13,s,g1-10,2736
310,13,s,g1-11,3090
311,14,i,g0-00,16
312,14,i,g0-01,14
313,14,i,g0-10,9
314,14,i,g0-11,7
315,14,i,g1-00,9
316,14,i,g1-01,17
317,14,i,g1-10,8
318,14,i,g1-11,3
319,14,r,g0-00,3
320,14,r,g0-01,5
321,14,r,g0-10,2
322,14,r,g1-00,14
323,14,r,g1-01,28
324,14,r,g1-10,11
325,14,r,g1-11,22
326,14,s,g0-00,1213
327,14,s,g0-01,855
328,14,s,g0-10,1211
329,14,s,g0-11,874
330,14,s,g1-00,2745
331,14,s,g1-01,3081
332,14,s,g1-10,2759
333,14,s,g1-11,3094
334,15,i,g0-00,17
335,15,i,g0-01,15
336,15,i,g0-10,9
337,15,i,g0-11,7
338,15,i,g1-00,7
339,15,i,g1-01,17
340,15,i,g1-10,9
341,15,i,g1-11,7
342,15,r,g0-00,12
343,15,r,g0-01,7
344,15,r,g0-10,3
345,15,r,g0-11,1
346,15,r,g1-00,10
347,15,r,g1-01,29
348,15,r,g1-10,15
349,15,r,g1-11,21
350,15,s,g0-00,1210
351,15,s,g0-01,824
352,15,s,g0-10,1249
353,15,s,g0-11,858
354,15,s,g1-00,2744
355,15,s,g1-01,3108
356,15,s,g1-10,2715
357,15,s,g1-11,3106
358,16,i,g0-00,19
359,16,i,g0-01,16
360,16,i,g0-10,10
361,16,i,g0-11,10
362,16,i,g1-00,10
363,16,i,g1-01,18
364,16,i,g1-10,6
365,16,i,g1-11,14
366,16,r,g0-00,11
367,16,r,g0-01,9
368,16,r,g0-10,6
369,16,r,g0-11,3
370,16,r,g1-00,12
371,16,r,g1-01,33
372,16,r,g1-10,16
373,16,r,g1-11,20
374,16,s,g0-00,1206
375,16,s,g0-01,836
376,16,s,g0-10,1229
377,16,s,g0-11,897
378,16,s,g1-00,2742
379,16,s,g1-01,3088
380,16,s,g1-10,2733
381,16,s,g1-11,3056
382,17,i,g0-00,16
383,17,i,g0-01,14
384,17,i,g0-10,9
385,17,i,g0-11,11
386,17,i,g1-00,19
387,17,i,g1-01,21
388,17,i,g1-10,10
389,17,i,g1-11,19
390,17,r,g0-00,7
391,17,r,g0-01,7
392,17,r,g0-10,8
393,17,r,g0-11,2
394,17,r,g1-00,19
395,17,r,g1-01,40
396,17,r,g1-10,18
397,17,r,g1-11,24
398,17,s,g0-00,1129
399,17,s,g0-01,784
400,17,s,g0-10,1188
401,17,s,g0-11,847
402,17,s,g1-00,2810
403,17,s,g1-01,3134
404,17,s,g1-10,2767
405,17,s,g1-11,3097
406,18,i,g0-00,24
407,18,i,g0-01,15
408,18,i,g0-10,17
409,18,i,g0-11,18
410,18,i,g1-00,17
411,18,i,g1-01,26
412,18,i,g1-10,10
413,18,i,g1-11,20
414,18,r,g0-00,8
415,18,r,g0-01,9
416,18,r,g0-10,5
417,18,r,g0-11,5
418,18,r,g1-00,22
419,18,r,g1-01,40
420,18,r,g1-10,25
421,18,r,g1-11,25
422,18,s,g0-00,1191
423,18,s,g0-01,819
424,18,s,g0-10,1234
425,18,s,g0-11,845
426,18,s,g1-00,2738
427,18,s,g1-01,3091
428,18,s,g1-10,2709
429,18,s,g1-11,3087
430,19,i,g0-00,21
431,19,i,g0-01,18
432,19,i,g0-10,21
433,19,i,g0-11,16
434,19,i,g1-00,25
435,19,i,g1-01,25
436,19,i,g1-10,12
437,19,i,g1-11,37
438,19,r,g0-00,8
439,19,r,g0-01,5
440,19,r,g0-10,9
441,19,r,g0-11,6
442,19,r,g1-00,28
443,19,r,g1-01,49
444,19,r,g1-10,25
445,19,r,g1-11,29
446,19,s,g0-00,1203
447,19,s,g0-01,857
448,19,s,g0-10,1209
449,19,s,g0-11,860
450,19,s,g1-00,2715
451,19,s,g1-01,3046
452,19,s,g1-10,2724
453,19,s,g1-11,3052
454,20,i,g0-00,27
455,20,i,g0-01,21
456,20,i,g0-10,21
457,20,i,g0-11,32
458,20,i,g1-00,29
459,20,i,g1-01,30
460,20,i,g1-10,15
461,20,i,g1-11,38
462,20,r,g0-00,11
463,20,r,g0-01,14
464,20,r,g0-10,13
465,20,r,g0-11,9
466,20,r,g1-00,31
467,20,r,g1-01,52
468,20,r,g1-10,27
469,20,r,g1-11,32
470,20,s,g0-00,1202
471,20,s,g0-01,806
472,20,s,g0-10,1253
473,20,s,g0-11,872
474,20,s,g1-00,2700
475,20,s,g1-01,3077
476,20,s,g1-10,2671
477,20,s,g1-11,3017
478,21,i,g0-00,45
479,21,i,g0-01,26
480,21,i,g0-10,26
481,21,i,g0-11,45
482,21,i,g1-00,13
483,21,i,g1-01,27
484,21,i,g1-10,9
485,21,i,g1-11,24
486,21,r,g0-00,22
487,21,r,g0-01,40
488,21,r,g0-10,33
489,21,r,g0-11,35
490,21,r,g1-00,27
491,21,r,g1-01,34
492,21,r,g1-10,12
493,21,r,g1-11,21
494,21,s,g0-00,2295
495,21,s,g0-01,2030
496,21,s,g0-10,2312
497,21,s,g0-11,2061
498,21,s,g1-00,1598
499,21,s,g1-01,1843
500,21,s,g1-10,1608
501,21,s,g1-11,1814
502,22,i,g0-00,42
503,22,i,g0-01,34
504,22,i,g0-10,25
505,22,i,g0-11,41
506,22,i,g1-00,14
507,22,i,g1-01,30
508,22,i,g1-10,15
509,22,i,g1-11,38
510,22,r,g0-00,32
511,22,r,g0-01,44
512,22,r,g0-10,34
513,22,r,g0-11,50
514,22,r,g1-00,23
515,22,r,g1-01,37
516,22,r,g1-10,17
517,22,r,g1-11,18
518,22,s,g0-00,2267
519,22,s,g0-01,2075
520,22,s,g0-10,2300
521,22,s,g0-11,2103
522,22,s,g1-00,1622
523,22,s,g1-01,1780
524,22,s,g1-10,1609
525,22,s,g1-11,1750
526,23,i,g0-00,45
527,23,i,g0-01,37
528,23,i,g0-10,29
529,23,i,g0-11,46
530,23,i,g1-00,9
531,23,i,g1-01,25
532,23,i,g1-10,11
533,23,i,g1-11,31
534,23,r,g0-00,29
535,23,r,g0-01,54
536,23,r,g0-10,43
537,23,r,g0-11,52
538,23,r,g1-00,34
539,23,r,g1-01,39
540,23,r,g1-10,14
541,23,r,g1-11,26
542,23,s,g0-00,2255
543,23,s,g0-01,2018
544,23,s,g0-10,2301
545,23,s,g0-11,2086
546,23,s,g1-00,1628
547,23,s,g1-01,1827
548,23,s,g1-10,1602
549,23,s,g1-11,1759
550,24,i,g0-00,35
551,24,i,g0-01,37
552,24,i,g0-10,25
553,24,i,g0-11,47
554,24,i,g1-00,13
555,24,i,g1-01,29
556,24,i,g1-10,20
557,24,i,g1-11,31
558,24,r,g0-00,37
559,24,r,g0-01,49
560,24,r,g0-10,40
561,24,r,g0-11,56
562,24,r,g1-00,38
563,24,r,g1-01,52
564,24,r,g1-10,21
565,24,r,g1-11,36
566,24,s,g0-00,2277
567,24,s,g0-01,2033
568,24,s,g0-10,2329
569,24,s,g0-11,2089
570,24,s,g1-00,1600
571,24,s,g1-01,1800
572,24,s,g1-10,1565
573,24,s,g1-11,1741
574,25,i,g0-00,38
575,25,i,g0-01,38
576,25,i,g0-10,29
577,25,i,g0-11,49
578,25,i,g1-00,12
579,25,i,g1-01,42
580,25,i,g1-10,16
581,25,i,g1-11,38
582,25,r,g0-00,41
583,25,r,g0-01,53
584,25,r,g0-10,44
585,25,r,g0-11,63
586,25,r,g1-00,40
587,25,r,g1-01,55
588,25,r,g1-10,25
589,25,r,g1-11,37
590,25,s,g0-00,2246
591,25,s,g0-01,2070
592,25,s,g0-10,2364
593,25,s,g0-11,2084
594,25,s,g1-00,1623
595,25,s,g1-01,1742
596,25,s,g1-10,1522
597,25,s,g1-11,1729
598,26,i,g0-00,40
599,26,i,g0-01,54
600,26,i,g0-10,28
601,26,i,g0-11,53
602,26,i,g1-00,12
603,26,i,g1-01,28
604,26,i,g1-10,22
605,26,i,g1-11,39
606,26,r,g0-00,47
607,26,r,g0-01,72
608,26,r,g0-10,45
609,26,r,g0-11,63
610,26,r,g1-00,41
611,26,r,g1-01,50
612,26,r,g1-10,27
613,26,r,g1-11,48
614,26,s,g0-00,2263
615,26,s,g0-01,2067
616,26,s,g0-10,2329
617,26,s,g0-11,2087
618,26,s,g1-00,1597
619,26,s,g1-01,1729
620,26,s,g1-10,1549
621,26,s,g1-11,1710
622,27,i,g0-00,44
623,27,i,g0-01,46
624,27,i,g0-10,36
625,27,i,g0-11,55
626,27,i,g1-00,11
627,27,i,g1-01,37
628,27,i,g1-10,18
629,27,i,g1-11,44
630,27,r,g0-00,52
631,27,r,g0-01,73
632,27,r,g0-10,51
633,27,r,g0-11,76
634,27,r,g1-00,41
635,27,r,g1-01,64
636,27,r,g1-10,30
637,27,r,g1-11,46
638,27,s,g0-00,2269
639,27,s,g0-01,2071
640,27,s,g0-10,2357
641,27,s,g0-11,2131
642,27,s,g1-00,1583
643,27,s,g1-01,1709
644,27,s,g1-10,1508
645,27,s,g1-11,1648
646,28,i,g0-00,38
647,28,i,g0-01,46
648,28,i,g0-10,33
649,28,i,g0-11,50
650,28,i,g1-00,22
651,28,i,g1-01,38
652,28,i,g1-10,17
653,28,i,g1-11,53
654,28,r,g0-00,55
655,28,r,g0-01,70
656,28,r,g0-10,52
657,28,r,g0-11,77
658,28,r,g1-00,43
659,28,r,g1-01,85
660,28,r,g1-10,41
661,28,r,g1-11,56
662,28,s,g0-00,2263
663,28,s,g0-01,2055
664,28,s,g0-10,2364
665,28,s,g0-11,2103
666,28,s,g1-00,1579
667,28,s,g1-01,1706
668,28,s,g1-10,1493
669,28,s,g1-11,1661
670,29,i,g0-00,48
671,29,i,g0-01,42
672,29,i,g0-10,37
673,29,i,g0-11,58
674,29,i,g1-00,22
675,29,i,g1-01,46
676,29,i,g1-10,20
677,29,i,g1-11,63
678,29,r,g0-00,60
679,29,r,g0-01,82
680,29,r,g0-10,50
681,29,r,g0-11,84
682,29,r,g1-00,44
683,29,r,g1-01,82
684,29,r,g1-10,47
685,29,r,g1-11,57
686,29,s,g0-00,2214
687,29,s,g0-01,2066
688,29,s,g0-10,2317
689,29,s,g0-11,2008
690,29,s,g1-00,1612
691,29,s,g1-01,1682
692,29,s,g1-10,1529
693,29,s,g1-11,1730
694,30,i,g0-00,54
695,30,i,g0-01,51
696,30,i,g0-10,37
697,30,i,g0-11,70
698,30,i,g1-00,28
699,30,i,g1-01,49
700,30,i,g1-10,29
701,30,i,g1-11,60
702,30,r,g0-00,59
703,30,r,g0-01,84
704,30,r,g0-10,62
705,30,r,g0-11,89
706,30,r,g1-00,50
707,30,r,g1-01,87
708,30,r,g1-10,44
709,30,r,g1-11,62
710,30,s,g0-00,2218
711,30,s,g0-01,2004
712,30,s,g0-10,2279
713,30,s,g0-11,2018
714,30,s,g1-00,1591
715,30,s,g1-01,1725
716,30,s,g1-10,1549
717,30,s,g1-11,1701
718,31,i,g0-00,52
719,31,i,g0-01,55
720,31,i,g0-10,40
721,31,i,g0-11,62
722,31,i,g1-00,26
723,31,i,g1-01,46
724,31,i,g1-10,28
725,31,i,g1-11,69
726,31,r,g0-00,68
727,31,r,g0-01,90
728,31,r,g0-10,65
729,31,r,g0-11,91
730,31,r,g1-00,53
731,31,r,g1-01,92
732,31,r,g1-10,54
733,31,r,g1-11,73
734,31,s,g0-00,2218
735,31,s,g0-01,2036
736,31,s,g0-10,2251
737,31,s,g0-11,2031
738,31,s,g1-00,1583
739,31,s,g1-01,1681
740,31,s,g1-10,1562
741,31,s,g1-11,1674
742,32,i,g0-00,59
743,32,i,g0-01,52
744,32,i,g0-10,42
745,32,i,g0-11,85
746,32,i,g1-00,37
747,32,i,g1-01,48
748,32,i,g1-10,28
749,32,i,g1-11,57
750,32,r,g0-00,78
751,32,r,g0-01,95
752,32,r,g0-10,64
753,32,r,g0-11,96
754,32,r,g1-00,53
755,32,r,g1-01,106
756,32,r,g1-10,63
757,32,r,g1-11,79
758,32,s,g0-00,2201
759,32,s,g0-01,2006
760,32,s,g0-10,2303
761,32,s,g0-11,2015
762,32,s,g1-00,1572
763,32,s,g1-01,1693
764,32,s,g1-10,1500
765,32,s,g1-11,1668
766,33,i,g0-00,60
767,33,i,g0-01,53
768,33,i,g0-10,51
769,33,i,g0-11,91
770,33,i,g1-00,43
771,33,i,g1-01,53
772,33,i,g1-10,29
773,33,i,g1-11,62
774,33,r,g0-00,95
775,33,r,g0-01,103
776,33,r,g0-10,66
777,33,r,g0-11,99
778,33,r,g1-00,50
779,33,r,g1-01,110
780,33,r,g1-10,68
781,33,r,g1-11,85
782,33,s,g0-00,2201
783,33,s,g0-01,2013
784,33,s,g0-10,2290
785,33,s,g0-11,2026
786,33,s,g1-00,1551
787,33,s,g1-01,1668
788,33,s,g1-10,1496
789,33,s,g1-11,1637
790,34,i,g0-00,74
791,34,i,g0-01,51
792,34,i,g0-10,66
793,34,i,g0-11,87
794,34,i,g1-00,36
795,34,i,g1-01,59
796,34,i,g1-10,27
797,34,i,g1-11,71
798,34,r,g0-00,85
799,34,r,g0-01,104
800,34,r,g0-10,74
801,34,r,g0-11,115
802,34,r,g1-00,71
803,34,r,g1-01,126
804,34,r,g1-10,65
805,34,r,g1-11,88
806,34,s,g0-00,2195
807,34,s,g0-01,2008
808,34,s,g0-10,2271
809,34,s,g0-11,2012
810,34,s,g1-00,1539
811,34,s,g1-01,1652
812,34,s,g1-10,1497
813,34,s,g1-11,1627
814,35,i,g0-00,76
815,35,i,g0-01,56
816,35,i,g0-10,61
817,35,i,g0-11,91
818,35,i,g1-00,46
819,35,i,g1-01,60
820,35,i,g1-10,28
821,35,i,g1-11,62
822,35,r,g0-00,89
823,35,r,g0-01,111
824,35,r,g0-10,93
825,35,r,g0-11,133
826,35,r,g1-00,73
827,35,r,g1-01,131
828,35,r,g1-10,66
829,35,r,g1-11,100
830,35,s,g0-00,2164
831,35,s,g0-01,1989
832,35,s,g0-10,2254
833,35,s,g0-11,2003
834,35,s,g1-00,1552
835,35,s,g1-01,1653
836,35,s,g1-10,1498
837,35,s,g1-11,1611
838,36,i,g0-00,80
839,36,i,g0-01,64
840,36,i,g0-10,58
841,36,i,g0-11,85
842,36,i,g1-00,41
843,36,i,g1-01,61
844,36,i,g1-10,26
845,36,i,g1-11,73
846,36,r,g0-00,104
847,36,r,g0-01,116
848,36,r,g0-10,101
849,36,r,g0-11,139
850,36,r,g1-00,79
851,36,r,g1-01,138
852,36,r,g1-10,76
853,36,r,g1-11,114
854,36,s,g0-00,2208
855,36,s,g0-01,1974
856,36,s,g0-10,2276
857,36,s,g0-11,2012
858,36,s,g1-00,1488
859,36,s,g1-01,1647
860,36,s,g1-10,1463
861,36,s,g1-11,1577
862,37,i,g0-00,89
863,37,i,g0-01,62
864,37,i,g0-10,57
865,37,i,g0-11,78
866,37,i,g1-00,33
867,37,i,g1-01,63
868,37,i,g1-10,31
869,37,i,g1-11,80
870,37,r,g0-00,108
871,37,r,g0-01,128
872,37,r,g0-10,98
873,37,r,g0-11,151
874,37,r,g1-00,89
875,37,r,g1-01,149
876,37,r,g1-10,92
877,37,r,g1-11,123
878,37,s,g0-00,2193
879,37,s,g0-01,1995
880,37,s,g0-10,2256
881,37,s,g0-11,2037
882,37,s,g1-00,1488
883,37,s,g1-01,1603
884,37,s,g1-10,1466
885,37,s,g1-11,1531
886,38,i,g0-00,77
887,38,i,g0-01,68
888,38,i,g0-10,69
889,38,i,g0-11,90
890,38,i,g1-00,48
891,38,i,g1-01,68
892,38,i,g1-10,24
893,38,i,g1-11,76
894,38,r,g0-00,120
895,38,r,g0-01,129
896,38,r,g0-10,105
897,38,r,g0-11,154
898,38,r,g1-00,93
899,38,r,g1-01,161
900,38,r,g1-10,97
901,38,r,g1-11,134
902,38,s,g0-00,2149
903,38,s,g0-01,2003
904,38,s,g0-10,2340
905,38,s,g0-11,2044
906,38,s,g1-00,1513
907,38,s,g1-01,1571
908,38,s,g1-10,1365
909,38,s,g1-11,1502
910,39,i,g0-00,81
911,39,i,g0-01,90
912,39,i,g0-10,70
913,39,i,g0-11,85
914,39,i,g1-00,42
915,39,i,g1-01,62
916,39,i,g1-10,26
917,39,i,g1-11,75
918,39,r,g0-00,124
919,39,r,g0-01,128
920,39,r,g0-10,111
921,39,r,g0-11,152
922,39,r,g1-00,106
923,39,r,g1-01,184
924,39,r,g1-10,111
925,39,r,g1-11,163
926,39,s,g0-00,2137
927,39,s,g0-01,1956
928,39,s,g0-10,2283
929,39,s,g0-11,2068
930,39,s,g1-00,1510
931,39,s,g1-01,1580
932,39,s,g1-10,1399
933,39,s,g1-11,1457
934,40,i,g0-00,90
935,40,i,g0-01,87
936,40,i,g0-10,65
937,40,i,g0-11,99
938,40,i,g1-00,35
939,40,i,g1-01,67
940,40,i,g1-10,41
941,40,i,g1-11,66
942,40,r,g0-00,131
943,40,r,g0-01,150
944,40,r,g0-10,121
945,40,r,g0-11,164
946,40,r,g1-00,109
947,40,r,g1-01,187
948,40,r,g1-10,112
949,40,r,g1-11,172
950,40,s,g0-00,2135
951,40,s,g0-01,1935
952,40,s,g0-10,2262
953,40,s,g0-11,2006
954,40,s,g1-00,1500
955,40,s,g1-01,1574
956,40,s,g1-10,1399
957,40,s,g1-11,1493
958,41,i,g0-00,85
959,41,i,g0-01,86
960,41,i,g0-10,73
961,41,i,g0-11,93
962,41,i,g1-00,50
963,41,i,g1-01,60
964,41,i,g1-10,39
965,41,i,g1-11,80
966,41,r,g0-00,135
967,41,r,g0-01,162
968,41,r,g0-10,127
969,41,r,g0-11,177
970,41,r,g1-00,119
971,41,r,g1-01,204
972,41,r,g1-10,119
973,41,r,g1-11,178
974,41,s,g0-00,2176
975,41,s,g0-01,1951
976,41,s,g0-10,2274
977,41,s,g0-11,1989
978,41,s,g1-00,1435
979,41,s,g1-01,1537
980,41,s,g1-10,1368
981,41,s,g1-11,1483
982,42,i,g0-00,87
983,42,i,g0-01,98
984,42,i,g0-10,71
985,42,i,g0-11,93
986,42,i,g1-00,39
987,42,i,g1-01,56
988,42,i,g1-10,43
989,42,i,g1-11,88
990,42,r,g0-00,146
991,42,r,g0-01,160
992,42,r,g0-10,138
993,42,r,g0-11,173
994,42,r,g1-00,131
995,42,r,g1-01,223
996,42,r,g1-10,123
997,42,r,g1-11,197
998,42,s,g0-00,2140
999,42,s,g0-01,1924
1000,42,s,g0-10,2280
1001,42,s,g0-11,1990
1002,42,s,g1-00,1457
1003,42,s,g1-01,1539
1004,42,s,g1-10,1345
1005,42,s,g1-11,1459
1006,43,i,g0-00,75
1007,43,i,g0-01,82
1008,43,i,g0-10,75
1009,43,i,g0-11,93
1010,43,i,g1-00,55
1011,43,i,g1-01,69
1012,43,i,g1-10,40
1013,43,i,g1-11,86
1014,43,r,g0-00,164
1015,43,r,g0-01,173
1016,43,r,g0-10,143
1017,43,r,g0-11,191
1018,43,r,g1-00,133
1019,43,r,g1-01,236
1020,43,r,g1-10,138
1021,43,r,g1-11,205
1022,43,s,g0-00,2149
1023,43,s,g0-01,1907
1024,43,s,g0-10,2199
1025,43,s,g0-11,1992
1026,43,s,g1-00,1424
1027,43,s,g1-01,1533
1028,43,s,g1-10,1405
1029,43,s,g1-11,1433
1030,44,i,g0-00,87
1031,44,i,g0-01,89
1032,44,i,g0-10,87
1033,44,i,g0-11,85
1034,44,i,g1-00,41
1035,44,i,g1-01,74
1036,44,i,g1-10,43
1037,44,i,g1-11,102
1038,44,r,g0-00,172
1039,44,r,g0-01,192
1040,44,r,g0-10,159
1041,44,r,g0-11,204
1042,44,r,g1-00,148
1043,44,r,g1-01,239
1044,44,r,g1-10,135
1045,44,r,g1-11,224
1046,44,s,g0-00,2164
1047,44,s,g0-01,1893
1048,44,s,g0-10,2217
1049,44,s,g0-11,1961
1050,44,s,g1-00,1388
1051,44,s,g1-01,1513
1052,44,s,g1-10,1359
1053,44,s,g1-11,1424
1054,45,i,g0-00,84
1055,45,i,g0-01,103
1056,45,i,g0-10,90
1057,45,i,g0-11,105
1058,45,i,g1-00,46
1059,45,i,g1-01,75
1060,45,i,g1-10,48
1061,45,i,g1-11,88
1062,45,r,g0-00,191
1063,45,r,g0-01,191
1064,45,r,g0-10,150
1065,45,r,g0-11,198
1066,45,r,g1-00,143
1067,45,r,g1-01,263
1068,45,r,g1-10,156
1069,45,r,g1-11,247
1070,45,s,g0-00,2113
1071,45,s,g0-01,1883
1072,45,s,g0-10,2251
1073,45,s,g0-11,1971
1074,45,s,g1-00,1423
1075,45,s,g1-01,1485
1076,45,s,g1-10,1305
1077,45,s,g1-11,1391
1078,46,i,g0-00,72
1079,46,i,g0-01,104
1080,46,i,g0-10,92
1081,46,i,g0-11,99
1082,46,i,g1-00,50
1083,46,i,g1-01,80
1084,46,i,g1-10,49
1085,46,i,g1-11,99
1086,46,r,g0-00,194
1087,46,r,g0-01,209
1088,46,r,g0-10,171
1089,46,r,g0-11,221
1090,46,r,g1-00,159
1091,46,r,g1-01,274
1092,46,r,g1-10,160
1093,46,r,g1-11,243
1094,46,s,g0-00,2139
1095,46,s,g0-01,1847
1096,46,s,g0-10,2218
1097,46,s,g0-11,1968
1098,46,s,g1-00,1386
1099,46,s,g1-01,1486
1100,46,s,g1-10,1310
1101,46,s,g1-11,1370
1102,47,i,g0-00,69
1103,47,i,g0-01,104
1104,47,i,g0-10,94
1105,47,i,g0-11,110
1106,47,i,g1-00,63
1107,47,i,g1-01,94
1108,47,i,g1-10,44
1109,47,i,g1-11,91
1110,47,r,g0-00,191
1111,47,r,g0-01,217
1112,47,r,g0-10,186
1113,47,r,g0-11,243
1114,47,r,g1-00,173
1115,47,r,g1-01,288
1116,47,r,g1-10,173
1117,47,r,g1-11,247
1118,47,s,g0-00,2076
1119,47,s,g0-01,1835
1120,47,s,g0-10,2197
1121,47,s,g0-11,1984
1122,47,s,g1-00,1428
1123,47,s,g1-01,1462
1124,47,s,g1-10,1306
1125,47,s,g1-11,1325
1126,48,i,g0-00,67
1127,48,i,g0-01,117
1128,48,i,g0-10,94
1129,48,i,g0-11,112
1130,48,i,g1-00,60
1131,48,i,g1-01,81
1132,48,i,g1-10,45
1133,48,i,g1-11,91
1134,48,r,g0-00,212
1135,48,r,g0-01,227
1136,48,r,g0-10,201
1137,48,r,g0-11,257
1138,48,r,g1-00,178
1139,48,r,g1-01,301
1140,48,r,g1-10,186
1141,48,r,g1-11,266
1142,48,s,g0-00,2100
1143,48,s,g0-01,1848
1144,48,s,g0-10,2234
1145,48,s,g0-11,1930
1146,48,s,g1-00,1383
1147,48,s,g1-01,1426
1148,48,s,g1-10,1240
1149,48,s,g1-11,1344
1150,49,i,g0-00,87
1151,49,i,g0-01,117
1152,49,i,g0-10,86
1153,49,i,g0-11,121
1154,49,i,g1-00,60
1155,49,i,g1-01,78
1156,49,i,g1-10,42
1157,49,i,g1-11,92
1158,49,r,g0-00,217
1159,49,r,g0-01,240
1160,49,r,g0-10,204
1161,49,r,g0-11,262
1162,49,r,g1-00,183
1163,49,r,g1-01,317
1164,49,r,g1-10,209
1165,49,r,g1-11,282
1166,49,s,g0-00,2092
1167,49,s,g0-01,1861
1168,49,s,g0-10,2149
1169,49,s,g0-11,1933
1170,49,s,g1-00,1361
1171,49,s,g1-01,1387
1172,49,s,g1-10,1310
1173,49,s,g1-11,1310
1174,50,i,g0-00,98
1175,50,i,g0-01,118
1176,50,i,g0-10,81
1177,50,i,g0-11,135
1178,50,i,g1-00,60
1179,50,i,g1-01,79
1180,50,i,g1-10,61
1181,50,i,g1-11,88
1182,50,r,g0-00,230
1183,50,r,g0-01,264
1184,50,r,g0-10,236
1185,50,r,g0-11,256
1186,50,r,g1-00,188
1187,50,r,g1-01,323
1188,50,r,g1-10,189
1189,50,r,g1-11,313
1190,50,s,g0-00,2098
1191,50,s,g0-01,1811
1192,50,s,g0-10,2210
1193,50,s,g0-11,1887
1194,50,s,g1-00,1326
1195,50,s,g1-01,1405
1196,50,s,g1-10,1223
1197,50,s,g1-11,1321
1198,51,i,g0-00,103
1199,51,i,g0-01,123
1200,51,i,g0-10,96
1201,51,i,g0-11,126
1202,51,i,g1-00,52
1203,51,i,g1-01,92
1204,51,i,g1-10,49
1205,51,i,g1-11,108
1206,51,r,g0-00,245
1207,51,r,g0-01,263
1208,51,r,g0-10,228
1209,51,r,g0-11,275
1210,51,r,g1-00,196
1211,51,r,g1-01,347
1212,51,r,g1-10,214
1213,51,r,g1-11,316
1214,51,s,g0-00,2049
1215,51,s,g0-01,1760
1216,51,s,g0-10,2186
1217,51,s,g0-11,1867
1218,51,s,g1-00,1355
1219,51,s,g1-01,1415
1220,51,s,g1-10,1227
1221,51,s,g1-11,1308
1222,52,i,g0-00,101
1223,52,i,g0-01,140
1224,52,i,g0-10,111
1225,52,i,g0-11,149
1226,52,i,g1-00,51
1227,52,i,g1-01,87
1228,52,i,g1-10,59
1229,52,i,g1-11,89
1230,52,r,g0-00,241
1231,52,r,g0-01,271
1232,52,r,g0-10,234
1233,52,r,g0-11,282
1234,52,r,g1-00,220
1235,52,r,g1-01,368
1236,52,r,g1-10,213
1237,52,r,g1-11,331
1238,52,s,g0-00,2027
1239,52,s,g0-01,1821
1240,52,s,g0-10,2138
1241,52,s,g0-11,1897
1242,52,s,g1-00,1360
1243,52,s,g1-01,1313
1244,52,s,g1-10,1245
1245,52,s,g1-11,1252
1246,53,i,g0-00,98
1247,53,i,g0-01,134
1248,53,i,g0-10,113
1249,53,i,g0-11,138
1250,53,i,g1-00,58
1251,53,i,g1-01,81
1252,53,i,g1-10,68
1253,53,i,g1-11,90
1254,53,r,g0-00,248
1255,53,r,g0-01,282
1256,53,r,g0-10,245
1257,53,r,g0-11,284
1258,53,r,g1-00,233
1259,53,r,g1-01,390
1260,53,r,g1-10,224
1261,53,r,g1-11,360
1262,53,s,g0-00,2058
1263,53,s,g0-01,1757
1264,53,s,g0-10,2155
1265,53,s,g0-11,1894
1266,53,s,g1-00,1305
1267,53,s,g1-01,1356
1268,53,s,g1-10,1195
1269,53,s,g1-11,1234
1270,54,i,g0-00,101
1271,54,i,g0-01,120
1272,54,i,g0-10,121
1273,54,i,g0-11,130
1274,54,i,g1-00,58
1275,54,i,g1-01,92
1276,54,i,g1-10,58
1277,54,i,g1-11,111
1278,54,r,g0-00,270
1279,54,r,g0-01,290
1280,54,r,g0-10,249
1281,54,r,g0-11,313
1282,54,r,g1-00,239
1283,54,r,g1-01,410
1284,54,r,g1-10,243
1285,54,r,g1-11,357
1286,54,s,g0-00,2031
1287,54,s,g0-01,1768
1288,54,s,g0-10,2176
1289,54,s,g0-11,1860
1290,54,s,g1-00,1301
1291,54,s,g1-01,1320
1292,54,s,g1-10,1153
1293,54,s,g1-11,1229
1294,55,i,g0-00,102
1295,55,i,g0-01,129
1296,55,i,g0-10,108
1297,55,i,g0-11,136
1298,55,i,g1-00,61
1299,55,i,g1-01,90
1300,55,i,g1-10,64
1301,55,i,g1-11,98
1302,55,r,g0-00,288
1303,55,r,g0-01,322
1304,55,r,g0-10,267
1305,55,r,g0-11,324
1306,55,r,g1-00,243
1307,55,r,g1-01,402
1308,55,r,g1-10,251
1309,55,r,g1-11,381
1310,55,s,g0-00,2020
1311,55,s,g0-01,1734
1312,55,s,g0-10,2137
1313,55,s,g0-11,1880
1314,55,s,g1-00,1286
1315,55,s,g1-01,1323
1316,55,s,g1-10,1173
1317,55,s,g1-11,1181
1318,56,i,g0-00,106
1319,56,i,g0-01,114
1320,56,i,g0-10,107
1321,56,i,g0-11,117
1322,56,i,g1-00,54
1323,56,i,g1-01,100
1324,56,i,g1-10,63
1325,56,i,g1-11,107
1326,56,r,g0-00,301
1327,56,r,g0-01,352
1328,56,r,g0-10,273
1329,56,r,g0-11,359
1330,56,r,g1-00,257
1331,56,r,g1-01,406
1332,56,r,g1-10,267
1333,56,r,g1-11,387
1334,56,s,g0-00,1990
1335,56,s,g0-01,1761
1336,56,s,g0-10,2120
1337,56,s,g0-11,1883
1338,56,s,g1-00,1292
1339,56,s,g1-01,1267
1340,56,s,g1-10,1170
1341,56,s,g1-11,1147
1342,57,i,g0-00,100
1343,57,i,g0-01,117
1344,57,i,g0-10,119
1345,57,i,g0-11,129
1346,57,i,g1-00,68
1347,57,i,g1-01,104
1348,57,i,g1-10,47
1349,57,i,g1-11,90
1350,57,r,g0-00,295
1351,57,r,g0-01,352
1352,57,r,g0-10,271
1353,57,r,g0-11,364
1354,57,r,g1-00,286
1355,57,r,g1-01,432
1356,57,r,g1-10,288
1357,57,r,g1-11,412
1358,57,s,g0-00,1966
1359,57,s,g0-01,1758
1360,57,s,g0-10,2134
1361,57,s,g0-11,1817
1362,57,s,g1-00,1285
1363,57,s,g1-01,1237
1364,57,s,g1-10,1141
1365,57,s,g1-11,1188
1366,58,i,g0-00,95
1367,58,i,g0-01,134
1368,58,i,g0-10,113
1369,58,i,g0-11,113
1370,58,i,g1-00,71
1371,58,i,g1-01,83
1372,58,i,g1-10,52
1373,58,i,g1-11,96
1374,58,r,g0-00,323
1375,58,r,g0-01,355
1376,58,r,g0-10,296
1377,58,r,g0-11,375
1378,58,r,g1-00,285
1379,58,r,g1-01,457
1380,58,r,g1-10,288
1381,58,r,g1-11,430
1382,58,s,g0-00,1991
1383,58,s,g0-01,1717
1384,58,s,g0-10,2098
1385,58,s,g0-11,1822
1386,58,s,g1-00,1235
1387,58,s,g1-01,1254
1388,58,s,g1-10,1153
1389,58,s,g1-11,1164
1390,59,i,g0-00,114
1391,59,i,g0-01,138
1392,59,i,g0-10,108
1393,59,i,g0-11,98
1394,59,i,g1-00,64
1395,59,i,g1-01,102
1396,59,i,g1-10,56
1397,59,i,g1-11,101
1398,59,r,g0-00,314
1399,59,r,g0-01,357
1400,59,r,g0-10,326
1401,59,r,g0-11,401
1402,59,r,g1-00,311
1403,59,r,g1-01,482
1404,59,r,g1-10,279
1405,59,r,g1-11,436
1406,59,s,g0-00,1952
1407,59,s,g0-01,1675
1408,59,s,g0-10,2142
1409,59,s,g0-11,1838
1410,59,s,g1-00,1245
1411,59,s,g1-01,1246
1412,59,s,g1-10,1089
1413,59,s,g1-11,1126
1414,60,i,g0-00,113
1415,60,i,g0-01,129
1416,60,i,g0-10,113
1417,60,i,g0-11,110
1418,60,i,g1-00,62
1419,60,i,g1-01,103
1420,60,i,g1-10,58
1421,60,i,g1-11,82
1422,60,r,g0-00,337
1423,60,r,g0-01,387
1424,60,r,g0-10,322
1425,60,r,g0-11,387
1426,60,r,g1-00,310
1427,60,r,g1-01,488
1428,60,r,g1-10,306
1429,60,r,g1-11,470
1430,60,s,g0-00,1968
1431,60,s,g0-01,1636
1432,60,s,g0-10,2075
1433,60,s,g0-11,1830
1434,60,s,g1-00,1210
1435,60,s,g1-01,1257
1436,60,s,g1-10,1126
1437,60,s,g1-11,1121
1438,61,i,g0-00,125
1439,61,i,g0-01,140
1440,61,i,g0-10,114
1441,61,i,g0-11,110
1442,61,i,g1-00,60
1443,61,i,g1-01,92
1444,61,i,g1-10,51
1445,61,i,g1-11,77
1446,61,r,g0-00,349
1447,61,r,g0-01,385
1448,61,r,g0-10,345
1449,61,r,g0-11,407
1450,61,r,g1-00,308
1451,61,r,g1-01,522
1452,61,r,g1-10,313
1453,61,r,g1-11,477
1454,61,s,g0-00,1949
1455,61,s,g0-01,1646
1456,61,s,g0-10,2107
1457,61,s,g0-11,1815
1458,61,s,g1-00,1209
1459,61,s,g1-01,1215
1460,61,s,g1-10,1070
1461,61,s,g1-11,1114
1462,62,i,g0-00,105
1463,62,i,g0-01,132
1464,62,i,g0-10,112
1465,62,i,g0-11,100
1466,62,i,g1-00,70
1467,62,i,g1-01,119
1468,62,i,g1-10,45
1469,62,i,g1-11,96
1470,62,r,g0-00,351
1471,62,r,g0-01,403
1472,62,r,g0-10,347
1473,62,r,g0-11,429
1474,62,r,g1-00,334
1475,62,r,g1-01,524
1476,62,r,g1-10,327
1477,62,r,g1-11,476
1478,62,s,g0-00,1938
1479,62,s,g0-01,1655
1480,62,s,g0-10,2103
1481,62,s,g0-11,1794
1482,62,s,g1-00,1202
1483,62,s,g1-01,1167
1484,62,s,g1-10,1066
1485,62,s,g1-11,1105
1486,63,i,g0-00,115
1487,63,i,g0-01,142
1488,63,i,g0-10,116
1489,63,i,g0-11,119
1490,63,i,g1-00,61
1491,63,i,g1-01,97
1492,63,i,g1-10,46
1493,63,i,g1-11,79
1494,63,r,g0-00,368
1495,63,r,g0-01,419
1496,63,r,g0-10,350
1497,63,r,g0-11,442
1498,63,r,g1-00,334
1499,63,r,g1-01,538
1500,63,r,g1-10,344
1501,63,r,g1-11,485
1502,63,s,g0-00,1931
1503,63,s,g0-01,1662
1504,63,s,g0-10,2054
1505,63,s,g0-11,1801
1506,63,s,g1-00,1191
1507,63,s,g1-01,1142
1508,63,s,g1-10,1090
1509,63,s,g1-11,1074
1510,64,i,g0-00,117
1511,64,i,g0-01,120
1512,64,i,g0-10,110
1513,64,i,g0-11,117
1514,64,i,g1-00,59
1515,64,i,g1-01,104
1516,64,i,g1-10,53
1517,64,i,g1-11,90
1518,64,r,g0-00,356
1519,64,r,g0-01,434
1520,64,r,g0-10,371
1521,64,r,g0-11,452
1522,64,r,g1-00,366
1523,64,r,g1-01,560
1524,64,r,g1-10,341
1525,64,r,g1-11,493
1526,64,s,g0-00,1930
1527,64,s,g0-01,1658
1528,64,s,g0-10,2044
1529,64,s,g0-11,1792
1530,64,s,g1-00,1172
1531,64,s,g1-01,1124
1532,64,s,g1-10,1081
1533,64,s,g1-11,1056
1534,65,i,g0-00,119
1535,65,i,g0-01,118
1536,65,i,g0-10,107
1537,65,i,g0-11,116
1538,65,i,g1-00,57
1539,65,i,g1-01,104
1540,65,i,g1-10,52
1541,65,i,g1-11,94
1542,65,r,g0-00,381
1543,65,r,g0-01,451
1544,65,r,g0-10,384
1545,65,r,g0-11,440
1546,65,r,g1-00,367
1547,65,r,g1-01,577
1548,65,r,g1-10,345
1549,65,r,g1-11,534
1550,65,s,g0-00,1908
1551,65,s,g0-01,1567
1552,65,s,g0-10,2058
1553,65,s,g0-11,1774
1554,65,s,g1-00,1168
1555,65,s,g1-01,1183
1556,65,s,g1-10,1054
1557,65,s,g1-11,1042
1558,66,i,g0-00,103
1559,66,i,g0-01,124
1560,66,i,g0-10,90
1561,66,i,g0-11,122
1562,66,i,g1-00,58
1563,66,i,g1-01,95
1564,66,i,g1-10,65
1565,66,i,g1-11,95
1566,66,r,g0-00,413
1567,66,r,g0-01,443
1568,66,r,g0-10,394
1569,66,r,g0-11,448
1570,66,r,g1-00,366
1571,66,r,g1-01,610
1572,66,r,g1-10,356
1573,66,r,g1-11,552
1574,66,s,g0-00,1886
1575,66,s,g0-01,1613
1576,66,s,g0-10,2038
1577,66,s,g0-11,1746
1578,66,s,g1-00,1174
1579,66,s,g1-01,1115
1580,66,s,g1-10,1057
1581,66,s,g1-11,1037
1582,67,i,g0-00,105
1583,67,i,g0-01,114
1584,67,i,g0-10,94
1585,67,i,g0-11,128
1586,67,i,g1-00,52
1587,67,i,g1-01,81
1588,67,i,g1-10,65
1589,67,i,g1-11,90
1590,67,r,g0-00,418
1591,67,r,g0-01,476
1592,67,r,g0-10,401
1593,67,r,g0-11,467
1594,67,r,g1-00,379
1595,67,r,g1-01,609
1596,67,r,g1-10,368
1597,67,r,g1-11,549
1598,67,s,g0-00,1878
1599,67,s,g0-01,1603
1600,67,s,g0-10,2018
1601,67,s,g0-11,1768
1602,67,s,g1-00,1168
1603,67,s,g1-01,1117
1604,67,s,g1-10,1054
1605,67,s,g1-11,998
1606,68,i,g0-00,82
1607,68,i,g0-01,111
1608,68,i,g0-10,115
1609,68,i,g0-11,116
1610,68,i,g1-00,76
1611,68,i,g1-01,76
1612,68,i,g1-10,49
1613,68,i,g1-11,93
1614,68,r,g0-00,397
1615,68,r,g0-01,512
1616,68,r,g0-10,412
1617,68,r,g0-11,481
1618,68,r,g1-00,418
1619,68,r,g1-01,600
1620,68,r,g1-10,372
1621,68,r,g1-11,559
1622,68,s,g0-00,1856
1623,68,s,g0-01,1574
1624,68,s,g0-10,2034
1625,68,s,g0-11,1730
1626,68,s,g1-00,1171
1627,68,s,g1-01,1127
1628,68,s,g1-10,1018
1629,68,s,g1-11,1021
1630,69,i,g0-00,109
1631,69,i,g0-01,111
1632,69,i,g0-10,109
1633,69,i,g0-11,124
1634,69,i,g1-00,56
1635,69,i,g1-01,67
1636,69,i,g1-10,44
1637,69,i,g1-11,89
1638,69,r,g0-00,440
1639,69,r,g0-01,522
1640,69,r,g0-10,406
1641,69,r,g0-11,483
1642,69,r,g1-00,394
1643,69,r,g1-01,620
1644,69,r,g1-10,401
1645,69,r,g1-11,574
1646,69,s,g0-00,1888
1647,69,s,g0-01,1587
1648,69,s,g0-10,1980
1649,69,s,g0-11,1650
1650,69,s,g1-00,1113
1651,69,s,g1-01,1093
1652,69,s,g1-10,1060
1653,69,s,g1-11,1080
1654,70,i,g0-00,113
1655,70,i,g0-01,106
1656,70,i,g0-10,92
1657,70,i,g0-11,103
1658,70,i,g1-00,52
1659,70,i,g1-01,82
1660,70,i,g1-10,58
1661,70,i,g1-11,97
1662,70,r,g0-00,435
1663,70,r,g0-01,501
1664,70,r,g0-10,452
1665,70,r,g0-11,482
1666,70,r,g1-00,422
1667,70,r,g1-01,656
1668,70,r,g1-10,376
1669,70,r,g1-11,611
1670,70,s,g0-00,1856
1671,70,s,g0-01,1547
1672,70,s,g0-10,1980
1673,70,s,g0-11,1696
1674,70,s,g1-00,1122
1675,70,s,g1-01,1108
1676,70,s,g1-10,1042
1677,70,s,g1-11,1011
1678,71,i,g0-00,112
1679,71,i,g0-01,102
1680,71,i,g0-10,96
1681,71,i,g0-11,115
1682,71,i,g1-00,61
1683,71,i,g1-01,85
1684,71,i,g1-10,43
1685,71,i,g1-11,100
1686,71,r,g0-00,452
1687,71,r,g0-01,499
1688,71,r,g0-10,449
1689,71,r,g0-11,505
1690,71,r,g1-00,421
1691,71,r,g1-01,679
1692,71,r,g1-10,406
1693,71,r,g1-11,601
1694,71,s,g0-00,1851
1695,71,s,g0-01,1532
1696,71,s,g0-10,1990
1697,71,s,g0-11,1632
1698,71,s,g1-00,1103
1699,71,s,g1-01,1103
1700,71,s,g1-10,1016
1701,71,s,g1-11,1047
1702,72,i,g0-00,112
1703,72,i,g0-01,107
1704,72,i,g0-10,100
1705,72,i,g0-11,127
1706,72,i,g1-00,61
1707,72,i,g1-01,79
1708,72,i,g1-10,42
1709,72,i,g1-11,84
1710,72,r,g0-00,470
1711,72,r,g0-01,528
1712,72,r,g0-10,449
1713,72,r,g0-11,513
1714,72,r,g1-00,421
1715,72,r,g1-01,668
1716,72,r,g1-10,415
1717,72,r,g1-11,624
1718,72,s,g0-00,1816
1719,72,s,g0-01,1527
1720,72,s,g0-10,1943
1721,72,s,g0-11,1690
1722,72,s,g1-00,1120
1723,72,s,g1-01,1091
1724,72,s,g1-10,1051
1725,72,s,g1-11,962
1726,73,i,g0-00,113
1727,73,i,g0-01,116
1728,73,i,g0-10,104
1729,73,i,g0-11,134
1730,73,i,g1-00,61
1731,73,i,g1-01,67
1732,73,i,g1-10,43
1733,73,i,g1-11,78
1734,73,r,g0-00,488
1735,73,r,g0-01,544
1736,73,r,g0-10,452
1737,73,r,g0-11,533
1738,73,r,g1-00,421
1739,73,r,g1-01,670
1740,73,r,g1-10,425
1741,73,r,g1-11,631
1742,73,s,g0-00,1798
1743,73,s,g0-01,1583
1744,73,s,g0-10,1949
1745,73,s,g0-11,1620
1746,73,s,g1-00,1119
1747,73,s,g1-01,1020
1748,73,s,g1-10,1027
1749,73,s,g1-11,1004
1750,74,i,g0-00,98
1751,74,i,g0-01,101
1752,74,i,g0-10,95
1753,74,i,g0-11,135
1754,74,i,g1-00,72
1755,74,i,g1-01,78
1756,74,i,g1-10,59
1757,74,i,g1-11,76
1758,74,r,g0-00,461
1759,74,r,g0-01,526
1760,74,r,g0-10,473
1761,74,r,g0-11,523
1762,74,r,g1-00,470
1763,74,r,g1-01,703
1764,74,r,g1-10,418
1765,74,r,g1-11,662
1766,74,s,g0-00,1817
1767,74,s,g0-01,1512
1768,74,s,g0-10,1977
1769,74,s,g0-11,1612
1770,74,s,g1-00,1082
1771,74,s,g1-01,1080
1772,74,s,g1-10,978
1773,74,s,g1-11,992
1774,75,i,g0-00,106
1775,75,i,g0-01,88
1776,75,i,g0-10,106
1777,75,i,g0-11,119
1778,75,i,g1-00,55
1779,75,i,g1-01,81
1780,75,i,g1-10,42
1781,75,i,g1-11,86
1782,75,r,g0-00,502
1783,75,r,g0-01,555
1784,75,r,g0-10,464
1785,75,r,g0-11,561
1786,75,r,g1-00,449
1787,75,r,g1-01,699
1788,75,r,g1-10,445
1789,75,r,g1-11,652
1790,75,s,g0-00,1776
1791,75,s,g0-01,1559
1792,75,s,g0-10,1922
1793,75,s,g0-11,1626
1794,75,s,g1-00,1112
1795,75,s,g1-01,1018
1796,75,s,g1-10,1021
1797,75,s,g1-11,956
1798,76,i,g0-00,106
1799,76,i,g0-01,100
1800,76,i,g0-10,98
1801,76,i,g0-11,134
1802,76,i,g1-00,57
1803,76,i,g1-01,67
1804,76,i,g1-10,50
1805,76,i,g1-11,68
1806,76,r,g0-00,506
1807,76,r,g0-01,536
1808,76,r,g0-10,472
1809,76,r,g0-11,541
1810,76,r,g1-00,460
1811,76,r,g1-01,739
1812,76,r,g1-10,452
1813,76,r,g1-11,693
1814,76,s,g0-00,1789
1815,76,s,g0-01,1515
1816,76,s,g0-10,1924
1817,76,s,g0-11,1612
1818,76,s,g1-00,1082
1819,76,s,g1-01,1043
1820,76,s,g1-10,1004
1821,76,s,g1-11,952
1822,77,i,g0-00,90
1823,77,i,g0-01,98
1824,77,i,g0-10,96
1825,77,i,g0-11,119
1826,77,i,g1-00,58
1827,77,i,g1-01,67
1828,77,i,g1-10,47
1829,77,i,g1-11,78
1830,77,r,g0-00,495
1831,77,r,g0-01,575
1832,77,r,g0-10,488
1833,77,r,g0-11,551
1834,77,r,g1-00,497
1835,77,r,g1-01,719
1836,77,r,g1-10,455
1837,77,r,g1-11,700
1838,77,s,g0-00,1772
1839,77,s,g0-01,1525
1840,77,s,g0-10,1877
1841,77,s,g0-11,1567
1842,77,s,g1-00,1088
1843,77,s,g1-01,1016
1844,77,s,g1-10,1037
1845,77,s,g1-11,985
1846,78,i,g0-00,95
1847,78,i,g0-01,103
1848,78,i,g0-10,88
1849,78,i,g0-11,106
1850,78,i,g1-00,47
1851,78,i,g1-01,59
1852,78,i,g1-10,45
1853,78,i,g1-11,78
1854,78,r,g0-00,523
1855,78,r,g0-01,593
1856,78,r,g0-10,536
1857,78,r,g0-11,586
1858,78,r,g1-00,488
1859,78,r,g1-01,712
1860,78,r,g1-10,424
1861,78,r,g1-11,694
1862,78,s,g0-00,1755
1863,78,s,g0-01,1525
1864,78,s,g0-10,1887
1865,78,s,g0-11,1615
1866,78,s,g1-00,1092
1867,78,s,g1-01,1008
1868,78,s,g1-10,1020
1869,78,s,g1-11,921
1870,79,i,g0-00,98
1871,79,i,g0-01,77
1872,79,i,g0-10,77
1873,79,i,g0-11,107
1874,79,i,g1-00,53
1875,79,i,g1-01,89
1876,79,i,g1-10,49
1877,79,i,g1-11,73
1878,79,r,g0-00,533
1879,79,r,g0-01,599
1880,79,r,g0-10,506
1881,79,r,g0-11,590
1882,79,r,g1-00,490
1883,79,r,g1-01,728
1884,79,r,g1-10,467
1885,79,r,g1-11,713
1886,79,s,g0-00,1751
1887,79,s,g0-01,1500
1888,79,s,g0-10,1867
1889,79,s,g0-11,1601
1890,79,s,g1-00,1075
1891,79,s,g1-01,1007
1892,79,s,g1-10,1034
1893,79,s,g1-11,916
1894,80,i,g0-00,89
1895,80,i,g0-01,86
1896,80,i,g0-10,87
1897,80,i,g0-11,102
1898,80,i,g1-00,51
1899,80,i,g1-01,83
1900,80,i,g1-10,39
1901,80,i,g1-11,69
1902,80,r,g0-00,515
1903,80,r,g0-01,589
1904,80,r,g0-10,518
1905,80,r,g0-11,627
1906,80,r,g1-00,528
1907,80,r,g1-01,756
1908,80,r,g1-10,470
1909,80,r,g1-11,698
1910,80,s,g0-00,1759
1911,80,s,g0-01,1477
1912,80,s,g0-10,1882
1913,80,s,g0-11,1536
1914,80,s,g1-00,1058
1915,80,s,g1-01,1009
1916,80,s,g1-10,1004
1917,80,s,g1-11,968
1918,81,i,g0-00,84
1919,81,i,g0-01,91
1920,81,i,g0-10,76
1921,81,i,g0-11,97
1922,81,i,g1-00,48
1923,81,i,g1-01,80
1924,81,i,g1-10,43
1925,81,i,g1-11,61
1926,81,r,g0-00,578
1927,81,r,g0-01,573
1928,81,r,g0-10,542
1929,81,r,g0-11,617
1930,81,r,g1-00,489
1931,81,r,g1-01,788
1932,81,r,g1-10,457
1933,81,r,g1-11,737
1934,81,s,g0-00,1705
1935,81,s,g0-01,1477
1936,81,s,g0-10,1855
1937,81,s,g0-11,1539
1938,81,s,g1-00,1096
1939,81,s,g1-01,991
1940,81,s,g1-10,1027
1941,81,s,g1-11,949
1942,82,i,g0-00,88
1943,82,i,g0-01,90
1944,82,i,g0-10,84
1945,82,i,g0-11,99
1946,82,i,g1-00,43
1947,82,i,g1-01,64
1948,82,i,g1-10,34
1949,82,i,g1-11,55
1950,82,r,g0-00,533
1951,82,r,g0-01,617
1952,82,r,g0-10,508
1953,82,r,g0-11,640
1954,82,r,g1-00,546
1955,82,r,g1-01,769
1956,82,r,g1-10,506
1957,82,r,g1-11,728
1958,82,s,g0-00,1742
1959,82,s,g0-01,1484
1960,82,s,g0-10,1855
1961,82,s,g0-11,1539
1962,82,s,g1-00,1048
1963,82,s,g1-01,976
1964,82,s,g1-10,1013
1965,82,s,g1-11,939
1966,83,i,g0-00,88
1967,83,i,g0-01,94
1968,83,i,g0-10,77
1969,83,i,g0-11,96
1970,83,i,g1-00,51
1971,83,i,g1-01,71
1972,83,i,g1-10,35
1973,83,i,g1-11,56
1974,83,r,g0-00,549
1975,83,r,g0-01,625
1976,83,r,g0-10,540
1977,83,r,g0-11,640
1978,83,r,g1-00,541
1979,83,r,g1-01,769
1980,83,r,g1-10,487
1981,83,r,g1-11,743
1982,83,s,g0-00,1721
1983,83,s,g0-01,1464
1984,83,s,g0-10,1852
1985,83,s,g0-11,1537
1986,83,s,g1-00,1050
1987,83,s,g1-01,977
1988,83,s,g1-10,1009
1989,83,s,g1-11,928
1990,84,i,g0-00,93
1991,84,i,g0-01,104
1992,84,i,g0-10,72
1993,84,i,g0-11,84
1994,84,i,g1-00,43
1995,84,i,g1-01,56
1996,84,i,g1-10,38
1997,84,i,g1-11,51
1998,84,r,g0-00,562
1999,84,r,g0-01,641
2000,84,r,g0-10,543
2001,84,r,g0-11,642
2002,84,r,g1-00,540
2003,84,r,g1-01,767
2004,84,r,g1-10,494
2005,84,r,g1-11,767
2006,84,s,g0-00,1726
2007,84,s,g0-01,1444
2008,84,s,g0-10,1852
2009,84,s,g0-11,1522
2010,84,s,g1-00,1036
2011,84,s,g1-01,988
2012,84,s,g1-10,1001
2013,84,s,g1-11,934
2014,85,i,g0-00,87
2015,85,i,g0-01,79
2016,85,i,g0-10,83
2017,85,i,g0-11,84
2018,85,i,g1-00,44
2019,85,i,g1-01,74
2020,85,i,g1-10,42
2021,85,i,g1-11,48
2022,85,r,g0-00,589
2023,85,r,g0-01,618
2024,85,r,g0-10,534
2025,85,r,g0-11,641
2026,85,r,g1-00,525
2027,85,r,g1-01,804
2028,85,r,g1-10,510
2029,85,r,g1-11,783
2030,85,s,g0-00,1711
2031,85,s,g0-01,1440
2032,85,s,g0-10,1833
2033,85,s,g0-11,1507
2034,85,s,g1-00,1044
2035,85,s,g1-01,985
2036,85,s,g1-10,998
2037,85,s,g1-11,937
2038,86,i,g0-00,82
2039,86,i,g0-01,86
2040,86,i,g0-10,92
2041,86,i,g0-11,80
2042,86,i,g1-00,43
2043,86,i,g1-01,50
2044,86,i,g1-10,31
2045,86,i,g1-11,45
2046,86,r,g0-00,578
2047,86,r,g0-01,647
2048,86,r,g0-10,539
2049,86,r,g0-11,654
2050,86,r,g1-00,558
2051,86,r,g1-01,800
2052,86,r,g1-10,518
2053,86,r,g1-11,786
2054,86,s,g0-00,1733
2055,86,s,g0-01,1455
2056,86,s,g0-10,1794
2057,86,s,g0-11,1490
2058,86,s,g1-00,1006
2059,86,s,g1-01,962
2060,86,s,g1-10,1026
2061,86,s,g1-11,945
2062,87,i,g0-00,69
2063,87,i,g0-01,73
2064,87,i,g0-10,74
2065,87,i,g0-11,84
2066,87,i,g1-00,43
2067,87,i,g1-01,52
2068,87,i,g1-10,37
2069,87,i,g1-11,41
2070,87,r,g0-00,587
2071,87,r,g0-01,640
2072,87,r,g0-10,543
2073,87,r,g0-11,659
2074,87,r,g1-00,575
2075,87,r,g1-01,824
2076,87,r,g1-10,528
2077,87,r,g1-11,782
2078,87,s,g0-00,1687
2079,87,s,g0-01,1437
2080,87,s,g0-10,1825
2081,87,s,g0-11,1533
2082,87,s,g1-00,1039
2083,87,s,g1-01,974
2084,87,s,g1-10,993
2085,87,s,g1-11,901
2086,88,i,g0-00,81
2087,88,i,g0-01,68
2088,88,i,g0-10,69
2089,88,i,g0-11,84
2090,88,i,g1-00,41
2091,88,i,g1-01,53
2092,88,i,g1-10,37
2093,88,i,g1-11,37
2094,88,r,g0-00,633
2095,88,r,g0-01,639
2096,88,r,g0-10,554
2097,88,r,g0-11,634
2098,88,r,g1-00,532
2099,88,r,g1-01,840
2100,88,r,g1-10,536
2101,88,r,g1-11,820
2102,88,s,g0-00,1708
2103,88,s,g0-01,1434
2104,88,s,g0-10,1843
2105,88,s,g0-11,1492
2106,88,s,g1-00,1005
2107,88,s,g1-01,966
2108,88,s,g1-10,961
2109,88,s,g1-11,933
2110,89,i,g0-00,82
2111,89,i,g0-01,71
2112,89,i,g0-10,63
2113,89,i,g0-11,76
2114,89,i,g1-00,32
2115,89,i,g1-01,50
2116,89,i,g1-10,31
2117,89,i,g1-11,39
2118,89,r,g0-00,597
2119,89,r,g0-01,663
2120,89,r,g0-10,571
2121,89,r,g0-11,656
2122,89,r,g1-00,583
2123,89,r,g1-01,820
2124,89,r,g1-10,534
2125,89,r,g1-11,816
2126,89,s,g0-00,1692
2127,89,s,g0-01,1415
2128,89,s,g0-10,1863
2129,89,s,g0-11,1489
2130,89,s,g1-00,1014
2131,89,s,g1-01,981
2132,89,s,g1-10,938
2133,89,s,g1-11,924
2134,90,i,g0-00,69
2135,90,i,g0-01,72
2136,90,i,g0-10,58
2137,90,i,g0-11,59
2138,90,i,g1-00,39
2139,90,i,g1-01,48
2140,90,i,g1-10,32
2141,90,i,g1-11,47
2142,90,r,g0-00,619
2143,90,r,g0-01,645
2144,90,r,g0-10,587
2145,90,r,g0-11,682
2146,90,r,g1-00,574
2147,90,r,g1-01,853
2148,90,r,g1-10,527
2149,90,r,g1-11,804
2150,90,s,g0-00,1695
2151,90,s,g0-01,1448
2152,90,s,g0-10,1769
2153,90,s,g0-11,1470
2154,90,s,g1-00,1004
2155,90,s,g1-01,934
2156,90,s,g1-10,1027
2157,90,s,g1-11,938
2158,91,i,g0-00,71
2159,91,i,g0-01,66
2160,91,i,g0-10,61
2161,91,i,g0-11,71
2162,91,i,g1-00,36
2163,91,i,g1-01,47
2164,91,i,g1-10,31
2165,91,i,g1-11,45
2166,91,r,g0-00,607
2167,91,r,g0-01,672
2168,91,r,g0-10,565
2169,91,r,g0-11,688
2170,91,r,g1-00,591
2171,91,r,g1-01,832
2172,91,r,g1-10,562
2173,91,r,g1-11,798
2174,91,s,g0-00,1687
2175,91,s,g0-01,1447
2176,91,s,g0-10,1799
2177,91,s,g0-11,1505
2178,91,s,g1-00,1008
2179,91,s,g1-01,936
2180,91,s,g1-10,982
2181,91,s,g1-11,893
2182,92,i,g0-00,64
2183,92,i,g0-01,68
2184,92,i,g0-10,61
2185,92,i,g0-11,67
2186,92,i,g1-00,39
2187,92,i,g1-01,40
2188,92,i,g1-10,33
2189,92,i,g1-11,46
2190,92,r,g0-00,634
2191,92,r,g0-01,685
2192,92,r,g0-10,605
2193,92,r,g0-11,675
2194,92,r,g1-00,576
2195,92,r,g1-01,828
2196,92,r,g1-10,531
2197,92,r,g1-11,818
2198,92,s,g0-00,1654
2199,92,s,g0-01,1406
2200,92,s,g0-10,1775
2201,92,s,g0-11,1436
2202,92,s,g1-00,1033
2203,92,s,g1-01,973
2204,92,s,g1-10,995
2205,92,s,g1-11,958
2206,93,i,g0-00,65
2207,93,i,g0-01,61
2208,93,i,g0-10,56
2209,93,i,g0-11,60
2210,93,i,g1-00,35
2211,93,i,g1-01,48
2212,93,i,g1-10,29
2213,93,i,g1-11,53
2214,93,r,g0-00,643
2215,93,r,g0-01,666
2216,93,r,g0-10,573
2217,93,r,g0-11,698
2218,93,r,g1-00,578
2219,93,r,g1-01,852
2220,93,r,g1-10,574
2221,93,r,g1-11,806
2222,93,s,g0-00,1671
2223,93,s,g0-01,1416
2224,93,s,g0-10,1797
2225,93,s,g0-11,1462
2226,93,s,g1-00,1008
2227,93,s,g1-01,957
2228,93,s,g1-10,971
2229,93,s,g1-11,921
2230,94,i,g0-00,59
2231,94,i,g0-01,54
2232,94,i,g0-10,50
2233,94,i,g0-11,71
2234,94,i,g1-00,37
2235,94,i,g1-01,56
2236,94,i,g1-10,28
2237,94,i,g1-11,45
2238,94,r,g0-00,616
2239,94,r,g0-01,694
2240,94,r,g0-10,611
2241,94,r,g0-11,684
2242,94,r,g1-00,614
2243,94,r,g1-01,835
2244,94,r,g1-10,545
2245,94,r,g1-11,827
2246,94,s,g0-00,1685
2247,94,s,g0-01,1419
2248,94,s,g0-10,1773
2249,94,s,g0-11,1461
2250,94,s,g1-00,989
2251,94,s,g1-01,942
2252,94,s,g1-10,993
2253,94,s,g1-11,912
2254,95,i,g0-00,63
2255,95,i,g0-01,64
2256,95,i,g0-10,48
2257,95,i,g0-11,57
2258,95,i,g1-00,25
2259,95,i,g1-01,42
2260,95,i,g1-10,34
2261,95,i,g1-11,53
2262,95,r,g0-00,631
2263,95,r,g0-01,672
2264,95,r,g0-10,601
2265,95,r,g0-11,671
2266,95,r,g1-00,611
2267,95,r,g1-01,867
2268,95,r,g1-10,556
2269,95,r,g1-11,846
2270,95,s,g0-00,1666
2271,95,s,g0-01,1399
2272,95,s,g0-10,1731
2273,95,s,g0-11,1474
2274,95,s,g1-00,1004
2275,95,s,g1-01,956
2276,95,s,g1-10,1030
2277,95,s,g1-11,899
2278,96,i,g0-00,57
2279,96,i,g0-01,57
2280,96,i,g0-10,58
2281,96,i,g0-11,57
2282,96,i,g1-00,29
2283,96,i,g1-01,47
2284,96,i,g1-10,18
2285,96,i,g1-11,52
2286,96,r,g0-00,652
2287,96,r,g0-01,692
2288,96,r,g0-10,587
2289,96,r,g0-11,700
2290,96,r,g1-00,599
2291,96,r,g1-01,855
2292,96,r,g1-10,578
2293,96,r,g1-11,823
2294,96,s,g0-00,1650
2295,96,s,g0-01,1396
2296,96,s,g0-10,1792
2297,96,s,g0-11,1423
2298,96,s,g1-00,1013
2299,96,s,g1-01,953
2300,96,s,g1-10,967
2301,96,s,g1-11,945
2302,97,i,g0-00,61
2303,97,i,g0-01,59
2304,97,i,g0-10,52
2305,97,i,g0-11,54
2306,97,i,g1-00,30
2307,97,i,g1-01,42
2308,97,i,g1-10,23
2309,97,i,g1-11,48
2310,97,r,g0-00,630
2311,97,r,g0-01,681
2312,97,r,g0-10,614
2313,97,r,g0-11,725
2314,97,r,g1-00,622
2315,97,r,g1-01,870
2316,97,r,g1-10,561
2317,97,r,g1-11,810
2318,97,s,g0-00,1677
2319,97,s,g0-01,1400
2320,97,s,g0-10,1747
2321,97,s,g0-11,1445
2322,97,s,g1-00,980
2323,97,s,g1-01,948
2324,97,s,g1-10,1003
2325,97,s,g1-11,918
2326,98,i,g0-00,57
2327,98,i,g0-01,56
2328,98,i,g0-10,49
2329,98,i,g0-11,54
2330,98,i,g1-00,33
2331,98,i,g1-01,38
2332,98,i,g1-10,26
2333,98,i,g1-11,45
2334,98,r,g0-00,658
2335,98,r,g0-01,691
2336,98,r,g0-10,628
2337,98,r,g0-11,702
2338,98,r,g1-00,602
2339,98,r,g1-01,874
2340,98,r,g1-10,547
2341,98,r,g1-11,839
2342,98,s,g0-00,1637
2343,98,s,g0-01,1408
2344,98,s,g0-10,1718
2345,98,s,g0-11,1409
2346,98,s,g1-00,1013
2347,98,s,g1-01,933
2348,98,s,g1-10,1032
2349,98,s,g1-11,951
2350,99,i,g0-00,53
2351,99,i,g0-01,53
2352,99,i,g0-10,59
2353,99,i,g0-11,64
2354,99,i,g1-00,30
2355,99,i,g1-01,39
2356,99,i,g1-10,22
2357,99,i,g1-11,31
2358,99,r,g0-00,661
2359,99,r,g0-01,712
2360,99,r,g0-10,624
2361,99,r,g0-11,718
2362,99,r,g1-00,611
2363,99,r,g1-01,858
2364,99,r,g1-10,550
2365,99,r,g1-11,834
2366,99,s,g0-00,1643
2367,99,s,g0-01,1401
2368,99,s,g0-10,1765
2369,99,s,g0-11,1422
2370,99,s,g1-00,1002
2371,99,s,g1-01,937
2372,99,s,g1-10,980
2373,99,s,g1-11,931
2374,100,i,g0-00,48
2375,100,i,g0-01,53
2376,100,i,g0-10,58
2377,100,i,g0-11,51
2378,100,i,g1-00,30
2379,100,i,g1-01,31
2380,100,i,g1-10,18
2381,100,i,g1-11,35
2382,100,r,g0-00,660
2383,100,r,g0-01,707
2384,100,r,g0-10,642
2385,100,r,g0-11,720
2386,100,r,g1-00,619
2387,100,r,g1-01,868
2388,100,r,g1-10,541
2389,100,r,g1-11,844
2390,100,s,g0-00,1680
2391,100,s,g0-01,1389
2392,100,s,g0-10,1766
2393,100,s,g0-11,1426
2394,100,s,g1-00,963
2395,100,s,g1-01,952
2396,100,s,g1-10,975
2397,100,s,g1-11,924
2398,101,i,g0-00,48
2399,101,i,g0-01,53
2400,101,i,g0-10,50
2401,101,i,g0-11,54
2402,101,i,g1-00,26
2403,101,i,g1-01,28
2404,101,i,g1-10,22
2405,101,i,g1-11,31
2406,101,r,g0-00,662
2407,101,r,g0-01,694
2408,101,r,g0-10,615
2409,101,r,g0-11,724
2410,101,r,g1-00,629
2411,101,r,g1-01,883
2412,101,r,g1-10,574
2413,101,r,g1-11,846
2414,101,s,g0-00,1640
2415,101,s,g0-01,1394
2416,101,s,g0-10,1722
2417,101,s,g0-11,1427
2418,101,s,g1-00,995
2419,101,s,g1-01,948
2420,101,s,g1-10,1017
2421,101,s,g1-11,918
2422,102,i,g0-00,52
2423,102,i,g0-01,55
2424,102,i,g0-10,55
2425,102,i,g0-11,44
2426,102,i,g1-00,24
2427,102,i,g1-01,25
2428,102,i,g1-10,15
2429,102,i,g1-11,38
2430,102,r,g0-00,660
2431,102,r,g0-01,686
2432,102,r,g0-10,625
2433,102,r,g0-11,705
2434,102,r,g1-00,630
2435,102,r,g1-01,893
2436,102,r,g1-10,565
2437,102,r,g1-11,872
2438,102,s,g0-00,1638
2439,102,s,g0-01,1383
2440,102,s,g0-10,1715
2441,102,s,g0-11,1448
2442,102,s,g1-00,996
2443,102,s,g1-01,958
2444,102,s,g1-10,1025
2445,102,s,g1-11,893
2446,103,i,g0-00,48
2447,103,i,g0-01,52
2448,103,i,g0-10,44
2449,103,i,g0-11,44
2450,103,i,g1-00,30
2451,103,i,g1-01,26
2452,103,i,g1-10,29
2453,103,i,g1-11,37
2454,103,r,g0-00,684
2455,103,r,g0-01,695
2456,103,r,g0-10,624
2457,103,r,g0-11,715
2458,103,r,g1-00,605
2459,103,r,g1-01,887
2460,103,r,g1-10,567
2461,103,r,g1-11,869
2462,103,s,g0-00,1649
2463,103,s,g0-01,1383
2464,103,s,g0-10,1724
2465,103,s,g0-11,1438
2466,103,s,g1-00,984
2467,103,s,g1-01,957
2468,103,s,g1-10,1012
2469,103,s,g1-11,897
2470,104,i,g0-00,53
2471,104,i,g0-01,40
2472,104,i,g0-10,50
2473,104,i,g0-11,40
2474,104,i,g1-00,25
2475,104,i,g1-01,29
2476,104,i,g1-10,23
2477,104,i,g1-11,30
2478,104,r,g0-00,686
2479,104,r,g0-01,691
2480,104,r,g0-10,609
2481,104,r,g0-11,728
2482,104,r,g1-00,609
2483,104,r,g1-01,896
2484,104,r,g1-10,584
2485,104,r,g1-11,868
2486,104,s,g0-00,1618
2487,104,s,g0-01,1378
2488,104,s,g0-10,1733
2489,104,s,g0-11,1436
2490,104,s,g1-00,1009
2491,104,s,g1-01,966
2492,104,s,g1-10,1001
2493,104,s,g1-11,898
2494,105,i,g0-00,55
2495,105,i,g0-01,43
2496,105,i,g0-10,51
2497,105,i,g0-11,37
2498,105,i,g1-00,21
2499,105,i,g1-01,25
2500,105,i,g1-10,22
2501,105,i,g1-11,36
2502,105,r,g0-00,680
2503,105,r,g0-01,711
2504,105,r,g0-10,624
2505,105,r,g0-11,727
2506,105,r,g1-00,617
2507,105,r,g1-01,879
2508,105,r,g1-10,576
2509,105,r,g1-11,870
2510,105,s,g0-00,1627
2511,105,s,g0-01,1399
2512,105,s,g0-10,1753
2513,105,s,g0-11,1424
2514,105,s,g1-00,1000
2515,105,s,g1-01,943
2516,105,s,g1-10,974
2517,105,s,g1-11,906
2518,106,i,g0-00,52
2519,106,i,g0-01,38
2520,106,i,g0-10,48
2521,106,i,g0-11,43
2522,106,i,g1-00,20
2523,106,i,g1-01,28
2524,106,i,g1-10,24
2525,106,i,g1-11,36
2526,106,r,g0-00,674
2527,106,r,g0-01,699
2528,106,r,g0-10,632
2529,106,r,g0-11,735
2530,106,r,g1-00,623
2531,106,r,g1-01,898
2532,106,r,g1-10,569
2533,106,r,g1-11,866
2534,106,s,g0-00,1612
2535,106,s,g0-01,1380
2536,106,s,g0-10,1714
2537,106,s,g0-11,1408
2538,106,s,g1-00,1019
2539,106,s,g1-01,957
2540,106,s,g1-10,1013
2541,106,s,g1-11,912
2542,107,i,g0-00,45
2543,107,i,g0-01,45
2544,107,i,g0-10,36
2545,107,i,g0-11,44
2546,107,i,g1-00,28
2547,107,i,g1-01,26
2548,107,i,g1-10,30
2549,107,i,g1-11,37
2550,107,r,g0-00,645
2551,107,r,g0-01,710
2552,107,r,g0-10,636
2553,107,r,g0-11,734
2554,107,r,g1-00,653
2555,107,r,g1-01,887
2556,107,r,g1-10,569
2557,107,r,g1-11,864
2558,107,s,g0-00,1590
2559,107,s,g0-01,1380
2560,107,s,g0-10,1713
2561,107,s,g0-11,1415
2562,107,s,g1-00,1039
2563,107,s,g1-01,952
2564,107,s,g1-10,1016
2565,107,s,g1-11,906
2566,108,i,g0-00,40
2567,108,i,g0-01,34
2568,108,i,g0-10,51
2569,108,i,g0-11,49
2570,108,i,g1-00,24
2571,108,i,g1-01,35
2572,108,i,g1-10,15
2573,108,i,g1-11,27
2574,108,r,g0-00,687
2575,108,r,g0-01,746
2576,108,r,g0-10,604
2577,108,r,g0-11,734
2578,108,r,g1-00,623
2579,108,r,g1-01,857
2580,108,r,g1-10,613
2581,108,r,g1-11,869
2582,108,s,g0-00,1607
2583,108,s,g0-01,1388
2584,108,s,g0-10,1717
2585,108,s,g0-11,1389
2586,108,s,g1-00,1019
2587,108,s,g1-01,940
2588,108,s,g1-10,1000
2589,108,s,g1-11,932
2590,109,i,g0-00,48
2591,109,i,g0-01,35
2592,109,i,g0-10,45
2593,109,i,g0-11,39
2594,109,i,g1-00,15
2595,109,i,g1-01,26
2596,109,i,g1-10,17
2597,109,i,g1-11,28
2598,109,r,g0-00,687
2599,109,r,g0-01,731
2600,109,r,g0-10,645
2601,109,r,g0-11,741
2602,109,r,g1-00,627
2603,109,r,g1-01,876
2604,109,r,g1-10,574
2605,109,r,g1-11,868
2606,109,s,g0-00,1642
2607,109,s,g0-01,1358
2608,109,s,g0-10,1700
2609,109,s,g0-11,1409
2610,109,s,g1-00,981
2611,109,s,g1-01,974
2612,109,s,g1-10,1019
2613,109,s,g1-11,915
2614,110,i,g0-00,36
2615,110,i,g0-01,33
2616,110,i,g0-10,41
2617,110,i,g0-11,45
2618,110,i,g1-00,27
2619,110,i,g1-01,27
2620,110,i,g1-10,25
2621,110,i,g1-11,25
2622,110,r,g0-00,684
2623,110,r,g0-01,702
2624,110,r,g0-10,637
2625,110,r,g0-11,740
2626,110,r,g1-00,633
2627,110,r,g1-01,900
2628,110,r,g1-10,585
2629,110,r,g1-11,868
2630,110,s,g0-00,1628
2631,110,s,g0-01,1366
2632,110,s,g0-10,1659
2633,110,s,g0-11,1394
2634,110,s,g1-00,992
2635,110,s,g1-01,972
2636,110,s,g1-10,1053
2637,110,s,g1-11,928
2638,111,i,g0-00,37
2639,111,i,g0-01,29
2640,111,i,g0-10,45
2641,111,i,g0-11,42
2642,111,i,g1-00,20
2643,111,i,g1-01,33
2644,111,i,g1-10,19
2645,111,i,g1-11,23
2646,111,r,g0-00,678
2647,111,r,g0-01,714
2648,111,r,g0-10,620
2649,111,r,g0-11,749
2650,111,r,g1-00,641
2651,111,r,g1-01,888
2652,111,r,g1-10,607
2653,111,r,g1-11,861
2654,111,s,g0-00,1619
2655,111,s,g0-01,1386
2656,111,s,g0-10,1715
2657,111,s,g0-11,1388
2658,111,s,g1-00,1005
2659,111,s,g1-01,950
2660,111,s,g1-10,994
2661,111,s,g1-11,937
2662,112,i,g0-00,38
2663,112,i,g0-01,36
2664,112,i,g0-10,49
2665,112,i,g0-11,31
2666,112,i,g1-00,22
2667,112,i,g1-01,21
2668,112,i,g1-10,17
2669,112,i,g1-11,26
2670,112,r,g0-00,697
2671,112,r,g0-01,750
2672,112,r,g0-10,625
2673,112,r,g0-11,757
2674,112,r,g1-00,625
2675,112,r,g1-01,852
2676,112,r,g1-10,601
2677,112,r,g1-11,861
2678,112,s,g0-00,1609
2679,112,s,g0-01,1386
2680,112,s,g0-10,1715
2681,112,s,g0-11,1380
2682,112,s,g1-00,1009
2683,112,s,g1-01,955
2684,112,s,g1-10,993
2685,112,s,g1-11,945
2686,113,i,g0-00,37
2687,113,i,g0-01,39
2688,113,i,g0-10,49
2689,113,i,g0-11,35
2690,113,i,g1-00,17
2691,113,i,g1-01,23
2692,113,i,g1-10,12
2693,113,i,g1-11,27
2694,113,r,g0-00,666
2695,113,r,g0-01,749
2696,113,r,g0-10,620
2697,113,r,g0-11,759
2698,113,r,g1-00,660
2699,113,r,g1-01,856
2700,113,r,g1-10,606
2701,113,r,g1-11,859
2702,113,s,g0-00,1626
2703,113,s,g0-01,1378
2704,113,s,g0-10,1698
2705,113,s,g0-11,1397
2706,113,s,g1-00,994
2707,113,s,g1-01,955
2708,113,s,g1-10,1015
2709,113,s,g1-11,923
2710,114,i,g0-00,35
2711,114,i,g0-01,28
2712,114,i,g0-10,37
2713,114,i,g0-11,40
2714,114,i,g1-00,18
2715,114,i,g1-01,34
2716,114,i,g1-10,15
2717,114,i,g1-11,22
2718,114,r,g0-00,675
2719,114,r,g0-01,737
2720,114,r,g0-10,617
2721,114,r,g0-11,730
2722,114,r,g1-00,656
2723,114,r,g1-01,873
2724,114,r,g1-10,616
2725,114,r,g1-11,887
2726,114,s,g0-00,1618
2727,114,s,g0-01,1363
2728,114,s,g0-10,1706
2729,114,s,g0-11,1398
2730,114,s,g1-00,998
2731,114,s,g1-01,965
2732,114,s,g1-10,1009
2733,114,s,g1-11,923
2734,115,i,g0-00,38
2735,115,i,g0-01,41
2736,115,i,g0-10,36
2737,115,i,g0-11,37
2738,115,i,g1-00,15
2739,115,i,g1-01,24
2740,115,i,g1-10,14
2741,115,i,g1-11,27
2742,115,r,g0-00,690
2743,115,r,g0-01,738
2744,115,r,g0-10,664
2745,115,r,g0-11,740
2746,115,r,g1-00,644
2747,115,r,g1-01,877
2748,115,r,g1-10,573
2749,115,r,g1-11,877
2750,115,s,g0-00,1593
2751,115,s,g0-01,1396
2752,115,s,g0-10,1686
2753,115,s,g0-11,1374
2754,115,s,g1-00,1020
2755,115,s,g1-01,924
2756,115,s,g1-10,1027
2757,115,s,g1-11,945
2758,116,i,g0-00,32
2759,116,i,g0-01,35
2760,116,i,g0-10,30
2761,116,i,g0-11,42
2762,116,i,g1-00,22
2763,116,i,g1-01,27
2764,116,i,g1-10,19
2765,116,i,g1-11,19
2766,116,r,g0-00,662
2767,116,r,g0-01,722
2768,116,r,g0-10,664
2769,116,r,g0-11,720
2770,116,r,g1-00,672
2771,116,r,g1-01,896
2772,116,r,g1-10,574
2773,116,r,g1-11,903
2774,116,s,g0-00,1604
2775,116,s,g0-01,1350
2776,116,s,g0-10,1665
2777,116,s,g0-11,1410
2778,116,s,g1-00,1008
2779,116,s,g1-01,970
2780,116,s,g1-10,1048
2781,116,s,g1-11,906
2782,117,i,g0-00,33
2783,117,i,g0-01,25
2784,117,i,g0-10,30
2785,117,i,g0-11,30
2786,117,i,g1-00,20
2787,117,i,g1-01,36
2788,117,i,g1-10,13
2789,117,i,g1-11,22
2790,117,r,g0-00,695
2791,117,r,g0-01,751
2792,117,r,g0-10,640
2793,117,r,g0-11,743
2794,117,r,g1-00,632
2795,117,r,g1-01,873
2796,117,r,g1-10,605
2797,117,r,g1-11,883
2798,117,s,g0-00,1621
2799,117,s,g0-01,1367
2800,117,s,g0-10,1733
2801,117,s,g0-11,1391
2802,117,s,g1-00,999
2803,117,s,g1-01,948
2804,117,s,g1-10,979
2805,117,s,g1-11,931
2806,118,i,g0-00,37
2807,118,i,g0-01,29
2808,118,i,g0-10,32
2809,118,i,g0-11,32
2810,118,i,g1-00,19
2811,118,i,g1-01,27
2812,118,i,g1-10,14
2813,118,i,g1-11,19
2814,118,r,g0-00,664
2815,118,r,g0-01,732
2816,118,r,g0-10,642
2817,118,r,g0-11,749
2818,118,r,g1-00,665
2819,118,r,g1-01,899
2820,118,r,g1-10,601
2821,118,r,g1-11,880
2822,118,s,g0-00,1628
2823,118,s,g0-01,1369
2824,118,s,g0-10,1707
2825,118,s,g0-11,1388
2826,118,s,g1-00,987
2827,118,s,g1-01,944
2828,118,s,g1-10,1004
2829,118,s,g1-11,932
2830,119,i,g0-00,36
2831,119,i,g0-01,17
2832,119,i,g0-10,30
2833,119,i,g0-11,33
2834,119,i,g1-00,17
2835,119,i,g1-01,29
2836,119,i,g1-10,12
2837,119,i,g1-11,20
2838,119,r,g0-00,660
2839,119,r,g0-01,752
2840,119,r,g0-10,644
2841,119,r,g0-11,739
2842,119,r,g1-00,676
2843,119,r,g1-01,885
2844,119,r,g1-10,606
2845,119,r,g1-11,887
2846,119,s,g0-00,1623
2847,119,s,g0-01,1391
2848,119,s,g0-10,1718
2849,119,s,g0-11,1387
2850,119,s,g1-00,988
2851,119,s,g1-01,926
2852,119,s,g1-10,990
2853,119,s,g1-11,934
2854,120,i,g0-00,28
2855,120,i,g0-01,18
2856,120,i,g0-10,30
2857,120,i,g0-11,31
2858,120,i,g1-00,19
2859,120,i,g1-01,28
2860,120,i,g1-10,12
2861,120,i,g1-11,17
2862,120,r,g0-00,709
2863,120,r,g0-01,758
2864,120,r,g0-10,648
2865,120,r,g0-11,734
2866,120,r,g1-00,631
2867,120,r,g1-01,882
2868,120,r,g1-10,599
2869,120,r,g1-11,892
2870,120,s,g0-00,1617
2871,120,s,g0-01,1349
2872,120,s,g0-10,1710
2873,120,s,g0-11,1367
2874,120,s,g1-00,996
2875,120,s,g1-01,965
2876,120,s,g1-10,1001
2877,120,s,g1-11,959
2878,121,i,g0-00,27
2879,121,i,g0-01,20
2880,121,i,g0-10,37
2881,121,i,g0-11,29
2882,121,i,g1-00,22
2883,121,i,g1-01,23
2884,121,i,g1-10,8
2885,121,i,g1-11,21
2886,121,r,g0-00,694
2887,121,r,g0-01,732
2888,121,r,g0-10,633
2889,121,r,g0-11,726
2890,121,r,g1-00,649
2891,121,r,g1-01,907
2892,121,r,g1-10,609
2893,121,r,g1-11,900
2894,121,s,g0-00,1591
2895,121,s,g0-01,1374
2896,121,s,g0-10,1707
2897,121,s,g0-11,1352
2898,121,s,g1-00,1017
2899,121,s,g1-01,944
2900,121,s,g1-10,1006
2901,121,s,g1-11,972
2902,122,i,g0-00,29
2903,122,i,g0-01,21
2904,122,i,g0-10,33
2905,122,i,g0-11,27
2906,122,i,g1-00,21
2907,122,i,g1-01,22
2908,122,i,g1-10,8
2909,122,i,g1-11,23
2910,122,r,g0-00,683
2911,122,r,g0-01,767
2912,122,r,g0-10,638
2913,122,r,g0-11,735
2914,122,r,g1-00,660
2915,122,r,g1-01,871
2916,122,r,g1-10,603
2917,122,r,g1-11,884
2918,122,s,g0-00,1641
2919,122,s,g0-01,1366
2920,122,s,g0-10,1669
2921,122,s,g0-11,1385
2922,122,s,g1-00,966
2923,122,s,g1-01,953
2924,122,s,g1-10,1049
2925,122,s,g1-11,946
2926,123,i,g0-00,32
2927,123,i,g0-01,24
2928,123,i,g0-10,31
2929,123,i,g0-11,30
2930,123,i,g1-00,19
2931,123,i,g1-01,17
2932,123,i,g1-10,12
2933,123,i,g1-11,17
2934,123,r,g0-00,676
2935,123,r,g0-01,754
2936,123,r,g0-10,617
2937,123,r,g0-11,729
2938,123,r,g1-00,664
2939,123,r,g1-01,874
2940,123,r,g1-10,623
2941,123,r,g1-11,891
2942,123,s,g0-00,1582
2943,123,s,g0-01,1360
2944,123,s,g0-10,1685
2945,123,s,g0-11,1370
2946,123,s,g1-00,1027
2947,123,s,g1-01,971
2948,123,s,g1-10,1032
2949,123,s,g1-11,963
2950,124,i,g0-00,35
2951,124,i,g0-01,20
2952,124,i,g0-10,31
2953,124,i,g0-11,26
2954,124,i,g1-00,10
2955,124,i,g1-01,22
2956,124,i,g1-10,9
2957,124,i,g1-11,15
2958,124,r,g0-00,693
2959,124,r,g0-01,741
2960,124,r,g0-10,655
2961,124,r,g0-11,756
2962,124,r,g1-00,650
2963,124,r,g1-01,881
2964,124,r,g1-10,586
2965,124,r,g1-11,861
2966,124,s,g0-00,1593
2967,124,s,g0-01,1376
2968,124,s,g0-10,1714
2969,124,s,g0-11,1418
2970,124,s,g1-00,1019
2971,124,s,g1-01,960
2972,124,s,g1-10,1005
2973,124,s,g1-11,924
2974,125,i,g0-00,26
2975,125,i,g0-01,21
2976,125,i,g0-10,24
2977,125,i,g0-11,26
2978,125,i,g1-00,15
2979,125,i,g1-01,15
2980,125,i,g1-10,10
2981,125,i,g1-11,13
2982,125,r,g0-00,694
2983,125,r,g0-01,742
2984,125,r,g0-10,668
2985,125,r,g0-11,736
2986,125,r,g1-00,647
2987,125,r,g1-01,881
2988,125,r,g1-10,581
2989,125,r,g1-11,882
2990,125,s,g0-00,1614
2991,125,s,g0-01,1378
2992,125,s,g0-10,1688
2993,125,s,g0-11,1400
2994,125,s,g1-00,1004
2995,125,s,g1-01,963
2996,125,s,g1-10,1029
2997,125,s,g1-11,943
2998,126,i,g0-00,21
2999,126,i,g0-01,16
3000,126,i,g0-10,21
3001,126,i,g0-11,27
3002,126,i,g1-00,19
3003,126,i,g1-01,24
3004,126,i,g1-10,14
3005,126,i,g1-11,10
3006,126,r,g0-00,696
3007,126,r,g0-01,708
3008,126,r,g0-10,658
3009,126,r,g0-11,741
3010,126,r,g1-00,646
3011,126,r,g1-01,908
3012,126,r,g1-10,588
3013,126,r,g1-11,878
3014,126,s,g0-00,1636
3015,126,s,g0-01,1381
3016,126,s,g0-10,1687
3017,126,s,g0-11,1387
3018,126,s,g1-00,982
3019,126,s,g1-01,963
3020,126,s,g1-10,1032
3021,126,s,g1-11,957
3022,127,i,g0-00,24
3023,127,i,g0-01,22
3024,127,i,g0-10,28
3025,127,i,g0-11,19
3026,127,i,g1-00,14
3027,127,i,g1-01,20
3028,127,i,g1-10,6
3029,127,i,g1-11,11
3030,127,r,g0-00,712
3031,127,r,g0-01,727
3032,127,r,g0-10,631
3033,127,r,g0-11,759
3034,127,r,g1-00,634
3035,127,r,g1-01,887
3036,127,r,g1-10,615
3037,127,r,g1-11,860
3038,127,s,g0-00,1663
3039,127,s,g0-01,1396
3040,127,s,g0-10,1696
3041,127,s,g0-11,1424
3042,127,s,g1-00,953
3043,127,s,g1-01,948
3044,127,s,g1-10,1024
3045,127,s,g1-11,927
3046,128,i,g0-00,28
3047,128,i,g0-01,26
3048,128,i,g0-10,26
3049,128,i,g0-11,21
3050,128,i,g1-00,7
3051,128,i,g1-01,11
3052,128,i,g1-10,7
3053,128,i,g1-11,14
3054,128,r,g0-00,679
3055,128,r,g0-01,739
3056,128,r,g0-10,631
3057,128,r,g0-11,762
3058,128,r,g1-00,669
3059,128,r,g1-01,877
3060,128,r,g1-10,614
3061,128,r,g1-11,853
3062,128,s,g0-00,1608
3063,128,s,g0-01,1374
3064,128,s,g0-10,1684
3065,128,s,g0-11,1390
3066,128,s,g1-00,1009
3067,128,s,g1-01,973
3068,128,s,g1-10,1038
3069,128,s,g1-11,960
3070,129,i,g0-00,24
3071,129,i,g0-01,13
3072,129,i,g0-10,29
3073,129,i,g0-11,23
3074,129,i,g1-00,9
3075,129,i,g1-01,20
3076,129,i,g1-10,7
3077,129,i,g1-11,12
3078,129,r,g0-00,712
3079,129,r,g0-01,746
3080,129,r,g0-10,649
3081,129,r,g0-11,743
3082,129,r,g1-00,631
3083,129,r,g1-01,867
3084,129,r,g1-10,594
3085,129,r,g1-11,871
3086,129,s,g0-00,1621
3087,129,s,g0-01,1397
3088,129,s,g0-10,1676
3089,129,s,g0-11,1385
3090,129,s,g1-00,1003
3091,129,s,g1-01,957
3092,129,s,g1-10,1045
3093,129,s,g1-11,966
3094,130,i,g0-00,25
3095,130,i,g0-01,14
3096,130,i,g0-10,25
3097,130,i,g0-11,24
3098,130,i,g1-00,8
3099,130,i,g1-01,18
3100,130,i,g1-10,8
3101,130,i,g1-11,9
3102,130,r,g0-00,686
3103,130,r,g0-01,722
3104,130,r,g0-10,640
3105,130,r,g0-11,740
3106,130,r,g1-00,655
3107,130,r,g1-01,886
3108,130,r,g1-10,602
3109,130,r,g1-11,876
3110,130,s,g0-00,1631
3111,130,s,g0-01,1392
3112,130,s,g0-10,1676
3113,130,s,g0-11,1390
3114,130,s,g1-00,995
3115,130,s,g1-01,968
3116,130,s,g1-10,1049
3117,130,s,g1-11,961
3118,131,i,g0-00,21
3119,131,i,g0-01,15
3120,131,i,g0-10,21
3121,131,i,g0-11,25
3122,131,i,g1-00,11
3123,131,i,g1-01,17
3124,131,i,g1-10,12
3125,131,i,g1-11,5
3126,131,r,g0-00,684
3127,131,r,g0-01,746
3128,131,r,g0-10,652
3129,131,r,g0-11,744
3130,131,r,g1-00,655
3131,131,r,g1-01,862
3132,131,r,g1-10,589
3133,131,r,g1-11,869
3134,131,s,g0-00,1597
3135,131,s,g0-01,1364
3136,131,s,g0-10,1702
3137,131,s,g0-11,1396
3138,131,s,g1-00,1032
3139,131,s,g1-01,996
3140,131,s,g1-10,1024
3141,131,s,g1-11,961
3142,132,i,g0-00,22
3143,132,i,g0-01,21
3144,132,i,g0-10,23
3145,132,i,g0-11,25
3146,132,i,g1-00,11
3147,132,i,g1-01,12
3148,132,i,g1-10,11
3149,132,i,g1-11,7
3150,132,r,g0-00,682
3151,132,r,g0-01,701
3152,132,r,g0-10,663
3153,132,r,g0-11,747
3154,132,r,g1-00,657
3155,132,r,g1-01,901
3156,132,r,g1-10,577
3157,132,r,g1-11,855
3158,132,s,g0-00,1618
3159,132,s,g0-01,1386
3160,132,s,g0-10,1678
3161,132,s,g0-11,1396
3162,132,s,g1-00,1010
3163,132,s,g1-01,979
3164,132,s,g1-10,1048
3165,132,s,g1-11,970
3166,133,i,g0-00,21
3167,133,i,g0-01,14
3168,133,i,g0-10,29
3169,133,i,g0-11,24
3170,133,i,g1-00,14
3171,133,i,g1-01,14
3172,133,i,g1-10,8
3173,133,i,g1-11,8
3174,133,r,g0-00,690
3175,133,r,g0-01,732
3176,133,r,g0-10,626
3177,133,r,g0-11,731
3178,133,r,g1-00,642
3179,133,r,g1-01,867
3180,133,r,g1-10,613
3181,133,r,g1-11,865
3182,133,s,g0-00,1602
3183,133,s,g0-01,1380
3184,133,s,g0-10,1657
3185,133,s,g0-11,1386
3186,133,s,g1-00,1031
3187,133,s,g1-01,993
3188,133,s,g1-10,1067
3189,133,s,g1-11,986
3190,134,i,g0-00,22
3191,134,i,g0-01,17
3192,134,i,g0-10,24
3193,134,i,g0-11,18
3194,134,i,g1-00,9
3195,134,i,g1-01,12
3196,134,i,g1-10,7
3197,134,i,g1-11,11
3198,134,r,g0-00,716
3199,134,r,g0-01,689
3200,134,r,g0-10,661
3201,134,r,g0-11,720
3202,134,r,g1-00,615
3203,134,r,g1-01,907
3204,134,r,g1-10,582
3205,134,r,g1-11,875
3206,134,s,g0-00,1655
3207,134,s,g0-01,1388
3208,134,s,g0-10,1689
3209,134,s,g0-11,1390
3210,134,s,g1-00,983
3211,134,s,g1-01,987
3212,134,s,g1-10,1037
3213,134,s,g1-11,986
3214,135,i,g0-00,20
3215,135,i,g0-01,13
3216,135,i,g0-10,17
3217,135,i,g0-11,19
3218,135,i,g1-00,9
3219,135,i,g1-01,11
3220,135,i,g1-10,9
3221,135,i,g1-11,5
3222,135,r,g0-00,653
3223,135,r,g0-01,731
3224,135,r,g0-10,652
3225,135,r,g0-11,733
3226,135,r,g1-00,674
3227,135,r,g1-01,862
3228,135,r,g1-10,594
3229,135,r,g1-11,865
3230,135,s,g0-00,1629
3231,135,s,g0-01,1360
3232,135,s,g0-10,1670
3233,135,s,g0-11,1377
3234,135,s,g1-00,1015
3235,135,s,g1-01,1023
3236,135,s,g1-10,1058
3237,135,s,g1-11,1001
3238,136,i,g0-00,20
3239,136,i,g0-01,17
3240,136,i,g0-10,18
3241,136,i,g0-11,18
3242,136,i,g1-00,8
3243,136,i,g1-01,7
3244,136,i,g1-10,7
3245,136,i,g1-11,7
3246,136,r,g0-00,664
3247,136,r,g0-01,719
3248,136,r,g0-10,655
3249,136,r,g0-11,739
3250,136,r,g1-00,661
3251,136,r,g1-01,873
3252,136,r,g1-10,590
3253,136,r,g1-11,861
3254,136,s,g0-00,1612
3255,136,s,g0-01,1374
3256,136,s,g0-10,1677
3257,136,s,g0-11,1373
3258,136,s,g1-00,1035
3259,136,s,g1-01,1010
3260,136,s,g1-10,1053
3261,136,s,g1-11,1002
3262,137,i,g0-00,23
3263,137,i,g0-01,16
3264,137,i,g0-10,12
3265,137,i,g0-11,19
3266,137,i,g1-00,7
3267,137,i,g1-01,7
3268,137,i,g1-10,9
3269,137,i,g1-11,7
3270,137,r,g0-00,688
3271,137,r,g0-01,725
3272,137,r,g0-10,683
3273,137,r,g0-11,721
3274,137,r,g1-00,634
3275,137,r,g1-01,863
3276,137,r,g1-10,564
3277,137,r,g1-11,877
3278,137,s,g0-00,1668
3279,137,s,g0-01,1361
3280,137,s,g0-10,1673
3281,137,s,g0-11,1377
3282,137,s,g1-00,980
3283,137,s,g1-01,1028
3284,137,s,g1-10,1059
3285,137,s,g1-11,999
3286,138,i,g0-00,22
3287,138,i,g0-01,22
3288,138,i,g0-10,15
3289,138,i,g0-11,15
3290,138,i,g1-00,8
3291,138,i,g1-01,5
3292,138,i,g1-10,6
3293,138,i,g1-11,10
3294,138,r,g0-00,672
3295,138,r,g0-01,704
3296,138,r,g0-10,646
3297,138,r,g0-11,705
3298,138,r,g1-00,649
3299,138,r,g1-01,878
3300,138,r,g1-10,599
3301,138,r,g1-11,888
3302,138,s,g0-00,1641
3303,138,s,g0-01,1360
3304,138,s,g0-10,1661
3305,138,s,g0-11,1349
3306,138,s,g1-00,1008
3307,138,s,g1-01,1031
3308,138,s,g1-10,1073
3309,138,s,g1-11,1033
3310,139,i,g0-00,23
3311,139,i,g0-01,20
3312,139,i,g0-10,13
3313,139,i,g0-11,14
3314,139,i,g1-00,9
3315,139,i,g1-01,11
3316,139,i,g1-10,8
3317,139,i,g1-11,12
3318,139,r,g0-00,686
3319,139,r,g0-01,703
3320,139,r,g0-10,647
3321,139,r,g0-11,728
3322,139,r,g1-00,630
3323,139,r,g1-01,873
3324,139,r,g1-10,597
3325,139,r,g1-11,861
3326,139,s,g0-00,1667
3327,139,s,g0-01,1394
3328,139,s,g0-10,1657
3329,139,s,g0-11,1400
3330,139,s,g1-00,985
3331,139,s,g1-01,999
3332,139,s,g1-10,1078
3333,139,s,g1-11,985
3334,140,i,g0-00,23
3335,140,i,g0-01,24
3336,140,i,g0-10,13
3337,140,i,g0-11,14
3338,140,i,g1-00,9
3339,140,i,g1-01,8
3340,140,i,g1-10,5
3341,140,i,g1-11,10
3342,140,r,g0-00,667
3343,140,r,g0-01,702
3344,140,r,g0-10,659
3345,140,r,g0-11,738
3346,140,r,g1-00,647
3347,140,r,g1-01,871
3348,140,r,g1-10,586
3349,140,r,g1-11,846
3350,140,s,g0-00,1607
3351,140,s,g0-01,1374
3352,140,s,g0-10,1695
3353,140,s,g0-11,1417
3354,140,s,g1-00,1047
3355,140,s,g1-01,1021
3356,140,s,g1-10,1042
3357,140,s,g1-11,975
3358,141,i,g0-00,17
3359,141,i,g0-01,10
3360,141,i,g0-10,8
3361,141,i,g0-11,10
3362,141,i,g1-00,14
3363,141,i,g1-01,21
3364,141,i,g1-10,12
3365,141,i,g1-11,16
3366,141,r,g0-00,404
3367,141,r,g0-01,339
3368,141,r,g0-10,358
3369,141,r,g0-11,305
3370,141,r,g1-00,909
3371,141,r,g1-01,1234
3372,141,r,g1-10,884
3373,141,r,g1-11,1277
3374,141,s,g0-00,832
3375,141,s,g0-01,513
3376,141,s,g0-10,840
3377,141,s,g0-11,523
3378,141,s,g1-00,1824
3379,141,s,g1-01,1883
3380,141,s,g1-10,1898
3381,141,s,g1-11,1869
3382,142,i,g0-00,14
3383,142,i,g0-01,11
3384,142,i,g0-10,10
3385,142,i,g0-11,7
3386,142,i,g1-00,19
3387,142,i,g1-01,22
3388,142,i,g1-10,9
3389,142,i,g1-11,26
3390,142,r,g0-00,393
3391,142,r,g0-01,330
3392,142,r,g0-10,353
3393,142,r,g0-11,299
3394,142,r,g1-00,916
3395,142,r,g1-01,1239
3396,142,r,g1-10,888
3397,142,r,g1-11,1280
3398,142,s,g0-00,813
3399,142,s,g0-01,486
3400,142,s,g0-10,826
3401,142,s,g0-11,513
3402,142,s,g1-00,1845
3403,142,s,g1-01,1912
3404,142,s,g1-10,1914
3405,142,s,g1-11,1875
3406,143,i,g0-00,13
3407,143,i,g0-01,8
3408,143,i,g0-10,8
3409,143,i,g0-11,13
3410,143,i,g1-00,19
3411,143,i,g1-01,23
3412,143,i,g1-10,14
3413,143,i,g1-11,25
3414,143,r,g0-00,407
3415,143,r,g0-01,313
3416,143,r,g0-10,382
3417,143,r,g0-11,322
3418,143,r,g1-00,902
3419,143,r,g1-01,1251
3420,143,r,g1-10,857
3421,143,r,g1-11,1256
3422,143,s,g0-00,820
3423,143,s,g0-01,526
3424,143,s,g0-10,870
3425,143,s,g0-11,529
3426,143,s,g1-00,1839
3427,143,s,g1-01,1879
3428,143,s,g1-10,1869
3429,143,s,g1-11,1855
3430,144,i,g0-00,13
3431,144,i,g0-01,12
3432,144,i,g0-10,12
3433,144,i,g0-11,12
3434,144,i,g1-00,19
3435,144,i,g1-01,26
3436,144,i,g1-10,12
3437,144,i,g1-11,27
3438,144,r,g0-00,383
3439,144,r,g0-01,378
3440,144,r,g0-10,382
3441,144,r,g0-11,335
3442,144,r,g1-00,924
3443,144,r,g1-01,1186
3444,144,r,g1-10,853
3445,144,r,g1-11,1242
3446,144,s,g0-00,816
3447,144,s,g0-01,521
3448,144,s,g0-10,859
3449,144,s,g0-11,523
3450,144,s,g1-00,1845
3451,144,s,g1-01,1877
3452,144,s,g1-10,1882
3453,144,s,g1-11,1861
3454,145,i,g0-00,21
3455,145,i,g0-01,16
3456,145,i,g0-10,12
3457,145,i,g0-11,13
3458,145,i,g1-00,14
3459,145,i,g1-01,26
3460,145,i,g1-10,13
3461,145,i,g1-11,25
3462,145,r,g0-00,380
3463,145,r,g0-01,327
3464,145,r,g0-10,393
3465,145,r,g0-11,326
3466,145,r,g1-00,918
3467,145,r,g1-01,1237
3468,145,r,g1-10,841
3469,145,r,g1-11,1251
3470,145,s,g0-00,799
3471,145,s,g0-01,496
3472,145,s,g0-10,851
3473,145,s,g0-11,534
3474,145,s,g1-00,1868
3475,145,s,g1-01,1898
3476,145,s,g1-10,1890
3477,145,s,g1-11,1851
3478,146,i,g0-00,16
3479,146,i,g0-01,16
3480,146,i,g0-10,16
3481,146,i,g0-11,21
3482,146,i,g1-00,13
3483,146,i,g1-01,25
3484,146,i,g1-10,12
3485,146,i,g1-11,27
3486,146,r,g0-00,361
3487,146,r,g0-01,332
3488,146,r,g0-10,360
3489,146,r,g0-11,342
3490,146,r,g1-00,937
3491,146,r,g1-01,1235
3492,146,r,g1-10,875
3493,146,r,g1-11,1231
3494,146,s,g0-00,788
3495,146,s,g0-01,531
3496,146,s,g0-10,861
3497,146,s,g0-11,521
3498,146,s,g1-00,1885
3499,146,s,g1-01,1861
3500,146,s,g1-10,1876
3501,146,s,g1-11,1858
3502,147,i,g0-00,17
3503,147,i,g0-01,11
3504,147,i,g0-10,14
3505,147,i,g0-11,15
3506,147,i,g1-00,16
3507,147,i,g1-01,29
3508,147,i,g1-10,13
3509,147,i,g1-11,33
3510,147,r,g0-00,397
3511,147,r,g0-01,315
3512,147,r,g0-10,343
3513,147,r,g0-11,322
3514,147,r,g1-00,901
3515,147,r,g1-01,1253
3516,147,r,g1-10,888
3517,147,r,g1-11,1255
3518,147,s,g0-00,808
3519,147,s,g0-01,509
3520,147,s,g0-10,843
3521,147,s,g0-11,545
3522,147,s,g1-00,1861
3523,147,s,g1-01,1883
3524,147,s,g1-10,1899
3525,147,s,g1-11,1830
3526,148,i,g0-00,20
3527,148,i,g0-01,17
3528,148,i,g0-10,16
3529,148,i,g0-11,18
3530,148,i,g1-00,17
3531,148,i,g1-01,25
3532,148,i,g1-10,9
3533,148,i,g1-11,30
3534,148,r,g0-00,374
3535,148,r,g0-01,326
3536,148,r,g0-10,366
3537,148,r,g0-11,322
3538,148,r,g1-00,926
3539,148,r,g1-01,1245
3540,148,r,g1-10,868
3541,148,r,g1-11,1252
3542,148,s,g0-00,812
3543,148,s,g0-01,507
3544,148,s,g0-10,849
3545,148,s,g0-11,514
3546,148,s,g1-00,1851
3547,148,s,g1-01,1880
3548,148,s,g1-10,1892
3549,148,s,g1-11,1864
3550,149,i,g0-00,16
3551,149,i,g0-01,11
3552,149,i,g0-10,10
3553,149,i,g0-11,17
3554,149,i,g1-00,22
3555,149,i,g1-01,27
3556,149,i,g1-10,19
3557,149,i,g1-11,31
3558,149,r,g0-00,395
3559,149,r,g0-01,324
3560,149,r,g0-10,367
3561,149,r,g0-11,340
3562,149,r,g1-00,908
3563,149,r,g1-01,1254
3564,149,r,g1-10,867
3565,149,r,g1-11,1230
3566,149,s,g0-00,851
3567,149,s,g0-01,504
3568,149,s,g0-10,860
3569,149,s,g0-11,553
3570,149,s,g1-00,1808
3571,149,s,g1-01,1880
3572,149,s,g1-10,1877
3573,149,s,g1-11,1829
3574,150,i,g0-00,16
3575,150,i,g0-01,18
3576,150,i,g0-10,15
3577,150,i,g0-11,11
3578,150,i,g1-00,21
3579,150,i,g1-01,23
3580,150,i,g1-10,17
3581,150,i,g1-11,30
3582,150,r,g0-00,393
3583,150,r,g0-01,338
3584,150,r,g0-10,352
3585,150,r,g0-11,331
3586,150,r,g1-00,910
3587,150,r,g1-01,1233
3588,150,r,g1-10,880
3589,150,r,g1-11,1248
3590,150,s,g0-00,839
3591,150,s,g0-01,527
3592,150,s,g0-10,913
3593,150,s,g0-11,598
3594,150,s,g1-00,1821
3595,150,s,g1-01,1861
3596,150,s,g1-10,1823
3597,150,s,g1-11,1782
3598,151,i,g0-00,13
3599,151,i,g0-01,16
3600,151,i,g0-10,11
3601,151,i,g0-11,11
3602,151,i,g1-00,21
3603,151,i,g1-01,24
3604,151,i,g1-10,25
3605,151,i,g1-11,32
3606,151,r,g0-00,379
3607,151,r,g0-01,320
3608,151,r,g0-10,360
3609,151,r,g0-11,312
3610,151,r,g1-00,925
3611,151,r,g1-01,1251
3612,151,r,g1-10,876
3613,151,r,g1-11,1270
3614,151,s,g0-00,826
3615,151,s,g0-01,505
3616,151,s,g0-10,907
3617,151,s,g0-11,580
3618,151,s,g1-00,1836
3619,151,s,g1-01,1884
3620,151,s,g1-10,1821
3621,151,s,g1-11,1795
3622,152,i,g0-00,18
3623,152,i,g0-01,15
3624,152,i,g0-10,23
3625,152,i,g0-11,19
3626,152,i,g1-00,18
3627,152,i,g1-01,29
3628,152,i,g1-10,14
3629,152,i,g1-11,27
3630,152,r,g0-00,386
3631,152,r,g0-01,323
3632,152,r,g0-10,369
3633,152,r,g0-11,339
3634,152,r,g1-00,918
3635,152,r,g1-01,1251
3636,152,r,g1-10,870
3637,152,r,g1-11,1245
3638,152,s,g0-00,807
3639,152,s,g0-01,524
3640,152,s,g0-10,902
3641,152,s,g0-11,575
3642,152,s,g1-00,1853
3643,152,s,g1-01,1858
3644,152,s,g1-10,1822
3645,152,s,g1-11,1795
3646,153,i,g0-00,18
3647,153,i,g0-01,16
3648,153,i,g0-10,24
3649,153,i,g0-11,14
3650,153,i,g1-00,20
3651,153,i,g1-01,32
3652,153,i,g1-10,14
3653,153,i,g1-11,32
3654,153,r,g0-00,381
3655,153,r,g0-01,314
3656,153,r,g0-10,390
3657,153,r,g0-11,337
3658,153,r,g1-00,924
3659,153,r,g1-01,1253
3660,153,r,g1-10,851
3661,153,r,g1-11,1240
3662,153,s,g0-00,844
3663,153,s,g0-01,521
3664,153,s,g0-10,893
3665,153,s,g0-11,570
3666,153,s,g1-00,1813
3667,153,s,g1-01,1864
3668,153,s,g1-10,1828
3669,153,s,g1-11,1807
3670,154,i,g0-00,17
3671,154,i,g0-01,20
3672,154,i,g0-10,22
3673,154,i,g0-11,20
3674,154,i,g1-00,19
3675,154,i,g1-01,30
3676,154,i,g1-10,20
3677,154,i,g1-11,27
3678,154,r,g0-00,375
3679,154,r,g0-01,308
3680,154,r,g0-10,371
3681,154,r,g0-11,328
3682,154,r,g1-00,931
3683,154,r,g1-01,1256
3684,154,r,g1-10,872
3685,154,r,g1-11,1252
3686,154,s,g0-00,819
3687,154,s,g0-01,510
3688,154,s,g0-10,902
3689,154,s,g0-11,565
3690,154,s,g1-00,1839
3691,154,s,g1-01,1876
3692,154,s,g1-10,1813
3693,154,s,g1-11,1808
3694,155,i,g0-00,14
3695,155,i,g0-01,19
3696,155,i,g0-10,25
3697,155,i,g0-11,23
3698,155,i,g1-00,26
3699,155,i,g1-01,31
3700,155,i,g1-10,21
3701,155,i,g1-11,22
3702,155,r,g0-00,408
3703,155,r,g0-01,344
3704,155,r,g0-10,372
3705,155,r,g0-11,331
3706,155,r,g1-00,898
3707,155,r,g1-01,1218
3708,155,r,g1-10,870
3709,155,r,g1-11,1249
3710,155,s,g0-00,840
3711,155,s,g0-01,522
3712,155,s,g0-10,902
3713,155,s,g0-11,591
3714,155,s,g1-00,1814
3715,155,s,g1-01,1866
3716,155,s,g1-10,1810
3717,155,s,g1-11,1784
3718,156,i,g0-00,20
3719,156,i,g0-01,19
3720,156,i,g0-10,27
3721,156,i,g0-11,21
3722,156,i,g1-00,16
3723,156,i,g1-01,28
3724,156,i,g1-10,21
3725,156,i,g1-11,30
3726,156,r,g0-00,391
3727,156,r,g0-01,314
3728,156,r,g0-10,358
3729,156,r,g0-11,316
3730,156,r,g1-00,918
3731,156,r,g1-01,1256
3732,156,r,g1-10,876
3733,156,r,g1-11,1260
3734,156,s,g0-00,830
3735,156,s,g0-01,519
3736,156,s,g0-10,885
3737,156,s,g0-11,565
3738,156,s,g1-00,1825
3739,156,s,g1-01,1864
3740,156,s,g1-10,1833
3741,156,s,g1-11,1808
3742,157,i,g0-00,18
3743,157,i,g0-01,20
3744,157,i,g0-10,30
3745,157,i,g0-11,20
3746,157,i,g1-00,21
3747,157,i,g1-01,33
3748,157,i,g1-10,24
3749,157,i,g1-11,39
3750,157,r,g0-00,404
3751,157,r,g0-01,344
3752,157,r,g0-10,389
3753,157,r,g0-11,335
3754,157,r,g1-00,899
3755,157,r,g1-01,1224
3756,157,r,g1-10,845
3757,157,r,g1-11,1244
3758,157,s,g0-00,816
3759,157,s,g0-01,526
3760,157,s,g0-10,912
3761,157,s,g0-11,580
3762,157,s,g1-00,1842
3763,157,s,g1-01,1853
3764,157,s,g1-10,1800
3765,157,s,g1-11,1782
3766,158,i,g0-00,27
3767,158,i,g0-01,19
3768,158,i,g0-10,25
3769,158,i,g0-11,26
3770,158,i,g1-00,19
3771,158,i,g1-01,30
3772,158,i,g1-10,27
3773,158,i,g1-11,33
3774,158,r,g0-00,373
3775,158,r,g0-01,317
3776,158,r,g0-10,373
3777,158,r,g0-11,317
3778,158,r,g1-00,924
3779,158,r,g1-01,1251
3780,158,r,g1-10,864
3781,158,r,g1-11,1264
3782,158,s,g0-00,848
3783,158,s,g0-01,525
3784,158,s,g0-10,886
3785,158,s,g0-11,534
3786,158,s,g1-00,1809
3787,158,s,g1-01,1858
3788,158,s,g1-10,1825
3789,158,s,g1-11,1826
3790,159,i,g0-00,15
3791,159,i,g0-01,19
3792,159,i,g0-10,28
3793,159,i,g0-11,18
3794,159,i,g1-00,41
3795,159,i,g1-01,38
3796,159,i,g1-10,27
3797,159,i,g1-11,37
3798,159,r,g0-00,377
3799,159,r,g0-01,336
3800,159,r,g0-10,389
3801,159,r,g0-11,329
3802,159,r,g1-00,921
3803,159,r,g1-01,1228
3804,159,r,g1-10,850
3805,159,r,g1-11,1259
3806,159,s,g0-00,888
3807,159,s,g0-01,503
3808,159,s,g0-10,913
3809,159,s,g0-11,577
3810,159,s,g1-00,1758
3811,159,s,g1-01,1876
3812,159,s,g1-10,1793
3813,159,s,g1-11,1780
3814,160,i,g0-00,21
3815,160,i,g0-01,18
3816,160,i,g0-10,27
3817,160,i,g0-11,20
3818,160,i,g1-00,30
3819,160,i,g1-01,43
3820,160,i,g1-10,34
3821,160,i,g1-11,37
3822,160,r,g0-00,392
3823,160,r,g0-01,346
3824,160,r,g0-10,383
3825,160,r,g0-11,355
3826,160,r,g1-00,910
3827,160,r,g1-01,1219
3828,160,r,g1-10,858
3829,160,r,g1-11,1238
3830,160,s,g0-00,798
3831,160,s,g0-01,509
3832,160,s,g0-10,948
3833,160,s,g0-11,600
3834,160,s,g1-00,1849
3835,160,s,g1-01,1865
3836,160,s,g1-10,1750
3837,160,s,g1-11,1750
3838,161,i,g0-00,21
3839,161,i,g0-01,24
3840,161,i,g0-10,34
3841,161,i,g0-11,28
3842,161,i,g1-00,32
3843,161,i,g1-01,39
3844,161,i,g1-10,32
3845,161,i,g1-11,29
3846,161,r,g0-00,401
3847,161,r,g0-01,322
3848,161,r,g0-10,359
3849,161,r,g0-11,366
3850,161,r,g1-00,907
3851,161,r,g1-01,1239
3852,161,r,g1-10,885
3853,161,r,g1-11,1233
3854,161,s,g0-00,827
3855,161,s,g0-01,510
3856,161,s,g0-10,936
3857,161,s,g0-11,558
3858,161,s,g1-00,1812
3859,161,s,g1-01,1866
3860,161,s,g1-10,1754
3861,161,s,g1-11,1786
3862,162,i,g0-00,27
3863,162,i,g0-01,26
3864,162,i,g0-10,34
3865,162,i,g0-11,30
3866,162,i,g1-00,31
3867,162,i,g1-01,39
3868,162,i,g1-10,37
3869,162,i,g1-11,35
3870,162,r,g0-00,406
3871,162,r,g0-01,305
3872,162,r,g0-10,369
3873,162,r,g0-11,340
3874,162,r,g1-00,899
3875,162,r,g1-01,1257
3876,162,r,g1-10,879
3877,162,r,g1-11,1257
3878,162,s,g0-00,798
3879,162,s,g0-01,545
3880,162,s,g0-10,900
3881,162,s,g0-11,567
3882,162,s,g1-00,1839
3883,162,s,g1-01,1828
3884,162,s,g1-10,1781
3885,162,s,g1-11,1771
3886,163,i,g0-00,34
3887,163,i,g0-01,24
3888,163,i,g0-10,30
3889,163,i,g0-11,31
3890,163,i,g1-00,27
3891,163,i,g1-01,47
3892,163,i,g1-10,38
3893,163,i,g1-11,50
3894,163,r,g0-00,390
3895,163,r,g0-01,313
3896,163,r,g0-10,369
3897,163,r,g0-11,345
3898,163,r,g1-00,915
3899,163,r,g1-01,1247
3900,163,r,g1-10,885
3901,163,r,g1-11,1249
3902,163,s,g0-00,843
3903,163,s,g0-01,508
3904,163,s,g0-10,920
3905,163,s,g0-11,583
3906,163,s,g1-00,1791
3907,163,s,g1-01,1861
3908,163,s,g1-10,1758
3909,163,s,g1-11,1742
3910,164,i,g0-00,26
3911,164,i,g0-01,28
3912,164,i,g0-10,27
3913,164,i,g0-11,38
3914,164,i,g1-00,33
3915,164,i,g1-01,44
3916,164,i,g1-10,34
3917,164,i,g1-11,54
3918,164,r,g0-00,380
3919,164,r,g0-01,293
3920,164,r,g0-10,373
3921,164,r,g0-11,331
3922,164,r,g1-00,934
3923,164,r,g1-01,1270
3924,164,r,g1-10,887
3925,164,r,g1-11,1262
3926,164,s,g0-00,814
3927,164,s,g0-01,547
3928,164,s,g0-10,963
3929,164,s,g0-11,563
3930,164,s,g1-00,1813
3931,164,s,g1-01,1818
3932,164,s,g1-10,1716
3933,164,s,g1-11,1752
3934,165,i,g0-00,27
3935,165,i,g0-01,26
3936,165,i,g0-10,30
3937,165,i,g0-11,47
3938,165,i,g1-00,38
3939,165,i,g1-01,54
3940,165,i,g1-10,35
3941,165,i,g1-11,62
3942,165,r,g0-00,368
3943,165,r,g0-01,346
3944,165,r,g0-10,405
3945,165,r,g0-11,313
3946,165,r,g1-00,952
3947,165,r,g1-01,1225
3948,165,r,g1-10,861
3949,165,r,g1-11,1284
3950,165,s,g0-00,860
3951,165,s,g0-01,571
3952,165,s,g0-10,945
3953,165,s,g0-11,538
3954,165,s,g1-00,1755
3955,165,s,g1-01,1778
3956,165,s,g1-10,1724
3957,165,s,g1-11,1756
3958,166,i,g0-00,28
3959,166,i,g0-01,32
3960,166,i,g0-10,40
3961,166,i,g0-11,39
3962,166,i,g1-00,31
3963,166,i,g1-01,45
3964,166,i,g1-10,33
3965,166,i,g1-11,70
3966,166,r,g0-00,407
3967,166,r,g0-01,330
3968,166,r,g0-10,388
3969,166,r,g0-11,311
3970,166,r,g1-00,919
3971,166,r,g1-01,1249
3972,166,r,g1-10,884
3973,166,r,g1-11,1306
3974,166,s,g0-00,826
3975,166,s,g0-01,505
3976,166,s,g0-10,867
3977,166,s,g0-11,536
3978,166,s,g1-00,1789
3979,166,s,g1-01,1839
3980,166,s,g1-10,1788
3981,166,s,g1-11,1738
3982,167,i,g0-00,29
3983,167,i,g0-01,33
3984,167,i,g0-10,30
3985,167,i,g0-11,41
3986,167,i,g1-00,35
3987,167,i,g1-01,39
3988,167,i,g1-10,37
3989,167,i,g1-11,61
3990,167,r,g0-00,398
3991,167,r,g0-01,313
3992,167,r,g0-10,397
3993,167,r,g0-11,324
3994,167,r,g1-00,925
3995,167,r,g1-01,1271
3996,167,r,g1-10,885
3997,167,r,g1-11,1306
3998,167,s,g0-00,906
3999,167,s,g0-01,565
4000,167,s,g0-10,935
4001,167,s,g0-11,628
4002,167,s,g1-00,1707
4003,167,s,g1-01,1779
4004,167,s,g1-10,1716
4005,167,s,g1-11,1640
4006,168,i,g0-00,34
4007,168,i,g0-01,23
4008,168,i,g0-10,32
4009,168,i,g0-11,39
4010,168,i,g1-00,38
4011,168,i,g1-01,56
4012,168,i,g1-10,40
4013,168,i,g1-11,65
4014,168,r,g0-00,379
4015,168,r,g0-01,331
4016,168,r,g0-10,379
4017,168,r,g0-11,326
4018,168,r,g1-00,942
4019,168,r,g1-01,1258
4020,168,r,g1-10,902
4021,168,r,g1-11,1313
4022,168,s,g0-00,814
4023,168,s,g0-01,538
4024,168,s,g0-10,988
4025,168,s,g0-11,605
4026,168,s,g1-00,1793
4027,168,s,g1-01,1794
4028,168,s,g1-10,1659
4029,168,s,g1-11,1652
4030,169,i,g0-00,36
4031,169,i,g0-01,28
4032,169,i,g0-10,26
4033,169,i,g0-11,49
4034,169,i,g1-00,37
4035,169,i,g1-01,50
4036,169,i,g1-10,44
4037,169,i,g1-11,51
4038,169,r,g0-00,393
4039,169,r,g0-01,333
4040,169,r,g0-10,395
4041,169,r,g0-11,365
4042,169,r,g1-00,931
4043,169,r,g1-01,1267
4044,169,r,g1-10,893
4045,169,r,g1-11,1279
4046,169,s,g0-00,864
4047,169,s,g0-01,523
4048,169,s,g0-10,945
4049,169,s,g0-11,557
4050,169,s,g1-00,1739
4051,169,s,g1-01,1799
4052,169,s,g1-10,1697
4053,169,s,g1-11,1699
4054,170,i,g0-00,42
4055,170,i,g0-01,36
4056,170,i,g0-10,37
4057,170,i,g0-11,39
4058,170,i,g1-00,28
4059,170,i,g1-01,52
4060,170,i,g1-10,37
4061,170,i,g1-11,70
4062,170,r,g0-00,413
4063,170,r,g0-01,342
4064,170,r,g0-10,376
4065,170,r,g0-11,343
4066,170,r,g1-00,918
4067,170,r,g1-01,1261
4068,170,r,g1-10,919
4069,170,r,g1-11,1305
4070,170,s,g0-00,860
4071,170,s,g0-01,508
4072,170,s,g0-10,914
4073,170,s,g0-11,602
4074,170,s,g1-00,1739
4075,170,s,g1-01,1801
4076,170,s,g1-10,1717
4077,170,s,g1-11,1641
4078,171,i,g0-00,32
4079,171,i,g0-01,35
4080,171,i,g0-10,30
4081,171,i,g0-11,51
4082,171,i,g1-00,36
4083,171,i,g1-01,51
4084,171,i,g1-10,43
4085,171,i,g1-11,58
4086,171,r,g0-00,416
4087,171,r,g0-01,330
4088,171,r,g0-10,350
4089,171,r,g0-11,376
4090,171,r,g1-00,921
4091,171,r,g1-01,1277
4092,171,r,g1-10,951
4093,171,r,g1-11,1278
4094,171,s,g0-00,826
4095,171,s,g0-01,547
4096,171,s,g0-10,939
4097,171,s,g0-11,608
4098,171,s,g1-00,1769
4099,171,s,g1-01,1760
4100,171,s,g1-10,1687
4101,171,s,g1-11,1629
4102,172,i,g0-00,40
4103,172,i,g0-01,39
4104,172,i,g0-10,36
4105,172,i,g0-11,39
4106,172,i,g1-00,37
4107,172,i,g1-01,56
4108,172,i,g1-10,38
4109,172,i,g1-11,65
4110,172,r,g0-00,411
4111,172,r,g0-01,369
4112,172,r,g0-10,414
4113,172,r,g0-11,352
4114,172,r,g1-00,934
4115,172,r,g1-01,1238
4116,172,r,g1-10,895
4117,172,r,g1-11,1318
4118,172,s,g0-00,826
4119,172,s,g0-01,544
4120,172,s,g0-10,968
4121,172,s,g0-11,615
4122,172,s,g1-00,1752
4123,172,s,g1-01,1754
4124,172,s,g1-10,1649
4125,172,s,g1-11,1611
4126,173,i,g0-00,39
4127,173,i,g0-01,30
4128,173,i,g0-10,37
4129,173,i,g0-11,35
4130,173,i,g1-00,36
4131,173,i,g1-01,64
4132,173,i,g1-10,38
4133,173,i,g1-11,63
4134,173,r,g0-00,422
4135,173,r,g0-01,333
4136,173,r,g0-10,379
4137,173,r,g0-11,346
4138,173,r,g1-00,934
4139,173,r,g1-01,1292
4140,173,r,g1-10,932
4141,173,r,g1-11,1343
4142,173,s,g0-00,812
4143,173,s,g0-01,544
4144,173,s,g0-10,963
4145,173,s,g0-11,618
4146,173,s,g1-00,1757
4147,173,s,g1-01,1737
4148,173,s,g1-10,1651
4149,173,s,g1-11,1595
4150,174,i,g0-00,42
4151,174,i,g0-01,44
4152,174,i,g0-10,42
4153,174,i,g0-11,38
4154,174,i,g1-00,37
4155,174,i,g1-01,58
4156,174,i,g1-10,28
4157,174,i,g1-11,64
4158,174,r,g0-00,420
4159,174,r,g0-01,363
4160,174,r,g0-10,377
4161,174,r,g0-11,368
4162,174,r,g1-00,938
4163,174,r,g1-01,1268
4164,174,r,g1-10,939
4165,174,r,g1-11,1326
4166,174,s,g0-00,814
4167,174,s,g0-01,486
4168,174,s,g0-10,1009
4169,174,s,g0-11,662
4170,174,s,g1-00,1749
4171,174,s,g1-01,1781
4172,174,s,g1-10,1605
4173,174,s,g1-11,1542
4174,175,i,g0-00,43
4175,175,i,g0-01,44
4176,175,i,g0-10,25
4177,175,i,g0-11,37
4178,175,i,g1-00,41
4179,175,i,g1-01,55
4180,175,i,g1-10,50
4181,175,i,g1-11,67
4182,175,r,g0-00,397
4183,175,r,g0-01,343
4184,175,r,g0-10,401
4185,175,r,g0-11,351
4186,175,r,g1-00,971
4187,175,r,g1-01,1293
4188,175,r,g1-10,919
4189,175,r,g1-11,1352
4190,175,s,g0-00,842
4191,175,s,g0-01,523
4192,175,s,g0-10,976
4193,175,s,g0-11,630
4194,175,s,g1-00,1706
4195,175,s,g1-01,1742
4196,175,s,g1-10,1629
4197,175,s,g1-11,1563
4198,176,i,g0-00,44
4199,176,i,g0-01,38
4200,176,i,g0-10,41
4201,176,i,g0-11,39
4202,176,i,g1-00,39
4203,176,i,g1-01,56
4204,176,i,g1-10,38
4205,176,i,g1-11,66
4206,176,r,g0-00,402
4207,176,r,g0-01,329
4208,176,r,g0-10,367
4209,176,r,g0-11,385
4210,176,r,g1-00,966
4211,176,r,g1-01,1314
4212,176,r,g1-10,950
4213,176,r,g1-11,1326
4214,176,s,g0-00,822
4215,176,s,g0-01,548
4216,176,s,g0-10,1007
4217,176,s,g0-11,623
4218,176,s,g1-00,1727
4219,176,s,g1-01,1715
4220,176,s,g1-10,1597
4221,176,s,g1-11,1561
4222,177,i,g0-00,38
4223,177,i,g0-01,38
4224,177,i,g0-10,42
4225,177,i,g0-11,34
4226,177,i,g1-00,59
4227,177,i,g1-01,57
4228,177,i,g1-10,37
4229,177,i,g1-11,68
4230,177,r,g0-00,423
4231,177,r,g0-01,341
4232,177,r,g0-10,404
4233,177,r,g0-11,336
4234,177,r,g1-00,947
4235,177,r,g1-01,1314
4236,177,r,g1-10,918
4237,177,r,g1-11,1388
4238,177,s,g0-00,805
4239,177,s,g0-01,468
4240,177,s,g0-10,902
4241,177,s,g0-11,604
4242,177,s,g1-00,1728
4243,177,s,g1-01,1782
4244,177,s,g1-10,1697
4245,177,s,g1-11,1570
4246,178,i,g0-00,62
4247,178,i,g0-01,34
4248,178,i,g0-10,40
4249,178,i,g0-11,34
4250,178,i,g1-00,40
4251,178,i,g1-01,61
4252,178,i,g1-10,47
4253,178,i,g1-11,73
4254,178,r,g0-00,423
4255,178,r,g0-01,365
4256,178,r,g0-10,403
4257,178,r,g0-11,363
4258,178,r,g1-00,955
4259,178,r,g1-01,1296
4260,178,r,g1-10,920
4261,178,r,g1-11,1371
4262,178,s,g0-00,867
4263,178,s,g0-01,502
4264,178,s,g0-10,953
4265,178,s,g0-11,614
4266,178,s,g1-00,1653
4267,178,s,g1-01,1742
4268,178,s,g1-10,1637
4269,178,s,g1-11,1545
4270,179,i,g0-00,58
4271,179,i,g0-01,41
4272,179,i,g0-10,41
4273,179,i,g0-11,36
4274,179,i,g1-00,47
4275,179,i,g1-01,53
4276,179,i,g1-10,44
4277,179,i,g1-11,68
4278,179,r,g0-00,410
4279,179,r,g0-01,353
4280,179,r,g0-10,425
4281,179,r,g0-11,373
4282,179,r,g1-00,971
4283,179,r,g1-01,1315
4284,179,r,g1-10,912
4285,179,r,g1-11,1372
4286,179,s,g0-00,812
4287,179,s,g0-01,504
4288,179,s,g0-10,945
4289,179,s,g0-11,607
4290,179,s,g1-00,1702
4291,179,s,g1-01,1734
4292,179,s,g1-10,1633
4293,179,s,g1-11,1544
4294,180,i,g0-00,53
4295,180,i,g0-01,27
4296,180,i,g0-10,43
4297,180,i,g0-11,38
4298,180,i,g1-00,58
4299,180,i,g1-01,67
4300,180,i,g1-10,36
4301,180,i,g1-11,70
4302,180,r,g0-00,386
4303,180,r,g0-01,345
4304,180,r,g0-10,398
4305,180,r,g0-11,374
4306,180,r,g1-00,997
4307,180,r,g1-01,1324
4308,180,r,g1-10,950
4309,180,r,g1-11,1375
4310,180,s,g0-00,786
4311,180,s,g0-01,499
4312,180,s,g0-10,943
4313,180,s,g0-11,628
4314,180,s,g1-00,1720
4315,180,s,g1-01,1738
4316,180,s,g1-10,1630
4317,180,s,g1-11,1515
4318,181,i,g0-00,57
4319,181,i,g0-01,32
4320,181,i,g0-10,31
4321,181,i,g0-11,41
4322,181,i,g1-00,54
4323,181,i,g1-01,74
4324,181,i,g1-10,54
4325,181,i,g1-11,68
4326,181,r,g0-00,414
4327,181,r,g0-01,345
4328,181,r,g0-10,391
4329,181,r,g0-11,362
4330,181,r,g1-00,971
4331,181,r,g1-01,1331
4332,181,r,g1-10,965
4333,181,r,g1-11,1388
4334,181,s,g0-00,844
4335,181,s,g0-01,517
4336,181,s,g0-10,939
4337,181,s,g0-11,593
4338,181,s,g1-00,1660
4339,181,s,g1-01,1701
4340,181,s,g1-10,1620
4341,181,s,g1-11,1548
4342,182,i,g0-00,55
4343,182,i,g0-01,55
4344,182,i,g0-10,44
4345,182,i,g0-11,40
4346,182,i,g1-00,55
4347,182,i,g1-01,53
4348,182,i,g1-10,49
4349,182,i,g1-11,63
4350,182,r,g0-00,408
4351,182,r,g0-01,315
4352,182,r,g0-10,404
4353,182,r,g0-11,379
4354,182,r,g1-00,979
4355,182,r,g1-01,1374
4356,182,r,g1-10,957
4357,182,r,g1-11,1381
4358,182,s,g0-00,808
4359,182,s,g0-01,520
4360,182,s,g0-10,958
4361,182,s,g0-11,604
4362,182,s,g1-00,1695
4363,182,s,g1-01,1683
4364,182,s,g1-10,1588
4365,182,s,g1-11,1533
4366,183,i,g0-00,51
4367,183,i,g0-01,37
4368,183,i,g0-10,54
4369,183,i,g0-11,38
4370,183,i,g1-00,62
4371,183,i,g1-01,75
4372,183,i,g1-10,38
4373,183,i,g1-11,67
4374,183,r,g0-00,428
4375,183,r,g0-01,353
4376,183,r,g0-10,397
4377,183,r,g0-11,368
4378,183,r,g1-00,966
4379,183,r,g1-01,1346
4380,183,r,g1-10,968
4381,183,r,g1-11,1398
4382,183,s,g0-00,849
4383,183,s,g0-01,524
4384,183,s,g0-10,906
4385,183,s,g0-11,606
4386,183,s,g1-00,1644
4387,183,s,g1-01,1665
4388,183,s,g1-10,1637
4389,183,s,g1-11,1523
4390,184,i,g0-00,42
4391,184,i,g0-01,35
4392,184,i,g0-10,52
4393,184,i,g0-11,40
4394,184,i,g1-00,57
4395,184,i,g1-01,75
4396,184,i,g1-10,49
4397,184,i,g1-11,75
4398,184,r,g0-00,427
4399,184,r,g0-01,347
4400,184,r,g0-10,398
4401,184,r,g0-11,375
4402,184,r,g1-00,987
4403,184,r,g1-01,1363
4404,184,r,g1-10,974
4405,184,r,g1-11,1397
4406,184,s,g0-00,800
4407,184,s,g0-01,500
4408,184,s,g0-10,913
4409,184,s,g0-11,595
4410,184,s,g1-00,1687
4411,184,s,g1-01,1680
4412,184,s,g1-10,1614
4413,184,s,g1-11,1518
4414,185,i,g0-00,42
4415,185,i,g0-01,40
4416,185,i,g0-10,47
4417,185,i,g0-11,45
4418,185,i,g1-00,55
4419,185,i,g1-01,73
4420,185,i,g1-10,51
4421,185,i,g1-11,78
4422,185,r,g0-00,405
4423,185,r,g0-01,330
4424,185,r,g0-10,422
4425,185,r,g0-11,368
4426,185,r,g1-00,1021
4427,185,r,g1-01,1385
4428,185,r,g1-10,959
4429,185,r,g1-11,1413
4430,185,s,g0-00,840
4431,185,s,g0-01,521
4432,185,s,g0-10,950
4433,185,s,g0-11,612
4434,185,s,g1-00,1637
4435,185,s,g1-01,1651
4436,185,s,g1-10,1571
4437,185,s,g1-11,1484
4438,186,i,g0-00,50
4439,186,i,g0-01,43
4440,186,i,g0-10,49
4441,186,i,g0-11,39
4442,186,i,g1-00,49
4443,186,i,g1-01,70
4444,186,i,g1-10,49
4445,186,i,g1-11,86
4446,186,r,g0-00,400
4447,186,r,g0-01,354
4448,186,r,g0-10,439
4449,186,r,g0-11,393
4450,186,r,g1-00,1037
4451,186,r,g1-01,1372
4452,186,r,g1-10,954
4453,186,r,g1-11,1402
4454,186,s,g0-00,806
4455,186,s,g0-01,533
4456,186,s,g0-10,943
4457,186,s,g0-11,637
4458,186,s,g1-00,1658
4459,186,s,g1-01,1628
4460,186,s,g1-10,1566
4461,186,s,g1-11,1443
4462,187,i,g0-00,54
4463,187,i,g0-01,43
4464,187,i,g0-10,46
4465,187,i,g0-11,47
4466,187,i,g1-00,45
4467,187,i,g1-01,75
4468,187,i,g1-10,53
4469,187,i,g1-11,74
4470,187,r,g0-00,411
4471,187,r,g0-01,349
4472,187,r,g0-10,417
4473,187,r,g0-11,385
4474,187,r,g1-00,1037
4475,187,r,g1-01,1382
4476,187,r,g1-10,979
4477,187,r,g1-11,1427
4478,187,s,g0-00,780
4479,187,s,g0-01,487
4480,187,s,g0-10,941
4481,187,s,g0-11,591
4482,187,s,g1-00,1673
4483,187,s,g1-01,1664
4484,187,s,g1-10,1564
4485,187,s,g1-11,1476
4486,188,i,g0-00,44
4487,188,i,g0-01,46
4488,188,i,g0-10,57
4489,188,i,g0-11,40
4490,188,i,g1-00,57
4491,188,i,g1-01,80
4492,188,i,g1-10,47
4493,188,i,g1-11,81
4494,188,r,g0-00,445
4495,188,r,g0-01,363
4496,188,r,g0-10,426
4497,188,r,g0-11,377
4498,188,r,g1-00,1013
4499,188,r,g1-01,1379
4500,188,r,g1-10,977
4501,188,r,g1-11,1437
4502,188,s,g0-00,800
4503,188,s,g0-01,510
4504,188,s,g0-10,927
4505,188,s,g0-11,605
4506,188,s,g1-00,1641
4507,188,s,g1-01,1622
4508,188,s,g1-10,1566
4509,188,s,g1-11,1460
4510,189,i,g0-00,49
4511,189,i,g0-01,52
4512,189,i,g0-10,49
4513,189,i,g0-11,51
4514,189,i,g1-00,55
4515,189,i,g1-01,77
4516,189,i,g1-10,55
4517,189,i,g1-11,76
4518,189,r,g0-00,450
4519,189,r,g0-01,379
4520,189,r,g0-10,425
4521,189,r,g0-11,390
4522,189,r,g1-00,1019
4523,189,r,g1-01,1373
4524,189,r,g1-10,987
4525,189,r,g1-11,1435
4526,189,s,g0-00,823
4527,189,s,g0-01,522
4528,189,s,g0-10,977
4529,189,s,g0-11,604
4530,189,s,g1-00,1604
4531,189,s,g1-01,1597
4532,189,s,g1-10,1507
4533,189,s,g1-11,1444
4534,190,i,g0-00,61
4535,190,i,g0-01,58
4536,190,i,g0-10,53
4537,190,i,g0-11,60
4538,190,i,g1-00,44
4539,190,i,g1-01,81
4540,190,i,g1-10,46
4541,190,i,g1-11,72
4542,190,r,g0-00,455
4543,190,r,g0-01,356
4544,190,r,g0-10,412
4545,190,r,g0-11,395
4546,190,r,g1-00,1016
4547,190,r,g1-01,1403
4548,190,r,g1-10,1012
4549,190,r,g1-11,1434
4550,190,s,g0-00,812
4551,190,s,g0-01,510
4552,190,s,g0-10,970
4553,190,s,g0-11,575
4554,190,s,g1-00,1612
4555,190,s,g1-01,1592
4556,190,s,g1-10,1507
4557,190,s,g1-11,1464
4558,191,i,g0-00,63
4559,191,i,g0-01,61
4560,191,i,g0-10,50
4561,191,i,g0-11,50
4562,191,i,g1-00,37
4563,191,i,g1-01,89
4564,191,i,g1-10,55
4565,191,i,g1-11,77
4566,191,r,g0-00,443
4567,191,r,g0-01,343
4568,191,r,g0-10,426
4569,191,r,g0-11,368
4570,191,r,g1-00,1035
4571,191,r,g1-01,1417
4572,191,r,g1-10,1005
4573,191,r,g1-11,1474
4574,191,s,g0-00,813
4575,191,s,g0-01,520
4576,191,s,g0-10,926
4577,191,s,g0-11,624
4578,191,s,g1-00,1609
4579,191,s,g1-01,1570
4580,191,s,g1-10,1538
4581,191,s,g1-11,1407
4582,192,i,g0-00,53
4583,192,i,g0-01,64
4584,192,i,g0-10,52
4585,192,i,g0-11,46
4586,192,i,g1-00,36
4587,192,i,g1-01,84
4588,192,i,g1-10,60
4589,192,i,g1-11,81
4590,192,r,g0-00,433
4591,192,r,g0-01,382
4592,192,r,g0-10,426
4593,192,r,g0-11,375
4594,192,r,g1-00,1060
4595,192,r,g1-01,1389
4596,192,r,g1-10,1010
4597,192,r,g1-11,1478
4598,192,s,g0-00,805
4599,192,s,g0-01,501
4600,192,s,g0-10,982
4601,192,s,g0-11,637
4602,192,s,g1-00,1613
4603,192,s,g1-01,1580
4604,192,s,g1-10,1470
4605,192,s,g1-11,1383
4606,193,i,g0-00,46
4607,193,i,g0-01,55
4608,193,i,g0-10,51
4609,193,i,g0-11,61
4610,193,i,g1-00,49
4611,193,i,g1-01,92
4612,193,i,g1-10,61
4613,193,i,g1-11,75
4614,193,r,g0-00,459
4615,193,r,g0-01,375
4616,193,r,g0-10,422
4617,193,r,g0-11,402
4618,193,r,g1-00,1040
4619,193,r,g1-01,1410
4620,193,r,g1-10,1023
4621,193,r,g1-11,1457
4622,193,s,g0-00,771
4623,193,s,g0-01,484
4624,193,s,g0-10,956
4625,193,s,g0-11,586
4626,193,s,g1-00,1635
4627,193,s,g1-01,1584
4628,193,s,g1-10,1487
4629,193,s,g1-11,1419
4630,194,i,g0-00,48
4631,194,i,g0-01,54
4632,194,i,g0-10,65
4633,194,i,g0-11,53
4634,194,i,g1-00,46
4635,194,i,g1-01,98
4636,194,i,g1-10,45
4637,194,i,g1-11,87
4638,194,r,g0-00,442
4639,194,r,g0-01,338
4640,194,r,g0-10,461
4641,194,r,g0-11,393
4642,194,r,g1-00,1068
4643,194,r,g1-01,1449
4644,194,r,g1-10,996
4645,194,r,g1-11,1475
4646,194,s,g0-00,815
4647,194,s,g0-01,509
4648,194,s,g0-10,928
4649,194,s,g0-11,614
4650,194,s,g1-00,1581
4651,194,s,g1-01,1552
4652,194,s,g1-10,1505
4653,194,s,g1-11,1378
4654,195,i,g0-00,50
4655,195,i,g0-01,66
4656,195,i,g0-10,53
4657,195,i,g0-11,57
4658,195,i,g1-00,49
4659,195,i,g1-01,83
4660,195,i,g1-10,57
4661,195,i,g1-11,71
4662,195,r,g0-00,486
4663,195,r,g0-01,354
4664,195,r,g0-10,403
4665,195,r,g0-11,405
4666,195,r,g1-00,1033
4667,195,r,g1-01,1450
4668,195,r,g1-10,1056
4669,195,r,g1-11,1477
4670,195,s,g0-00,779
4671,195,s,g0-01,496
4672,195,s,g0-10,909
4673,195,s,g0-11,550
4674,195,s,g1-00,1603
4675,195,s,g1-01,1551
4676,195,s,g1-10,1522
4677,195,s,g1-11,1440
4678,196,i,g0-00,46
4679,196,i,g0-01,71
4680,196,i,g0-10,50
4681,196,i,g0-11,59
4682,196,i,g1-00,57
4683,196,i,g1-01,85
4684,196,i,g1-10,61
4685,196,i,g1-11,75
4686,196,r,g0-00,489
4687,196,r,g0-01,389
4688,196,r,g0-10,471
4689,196,r,g0-11,389
4690,196,r,g1-00,1040
4691,196,r,g1-01,1425
4692,196,r,g1-10,994
4693,196,r,g1-11,1500
4694,196,s,g0-00,777
4695,196,s,g0-01,478
4696,196,s,g0-10,937
4697,196,s,g0-11,616
4698,196,s,g1-00,1591
4699,196,s,g1-01,1552
4700,196,s,g1-10,1487
4701,196,s,g1-11,1361
4702,197,i,g0-00,55
4703,197,i,g0-01,59
4704,197,i,g0-10,50
4705,197,i,g0-11,53
4706,197,i,g1-00,54
4707,197,i,g1-01,97
4708,197,i,g1-10,54
4709,197,i,g1-11,91
4710,197,r,g0-00,442
4711,197,r,g0-01,376
4712,197,r,g0-10,446
4713,197,r,g0-11,387
4714,197,r,g1-00,1097
4715,197,r,g1-01,1448
4716,197,r,g1-10,1033
4717,197,r,g1-11,1511
4718,197,s,g0-00,764
4719,197,s,g0-01,494
4720,197,s,g0-10,929
4721,197,s,g0-11,627
4722,197,s,g1-00,1588
4723,197,s,g1-01,1526
4724,197,s,g1-10,1488
4725,197,s,g1-11,1331
4726,198,i,g0-00,54
4727,198,i,g0-01,64
4728,198,i,g0-10,54
4729,198,i,g0-11,50
4730,198,i,g1-00,64
4731,198,i,g1-01,103
4732,198,i,g1-10,45
4733,198,i,g1-11,88
4734,198,r,g0-00,493
4735,198,r,g0-01,358
4736,198,r,g0-10,439
4737,198,r,g0-11,417
4738,198,r,g1-00,1054
4739,198,r,g1-01,1477
4740,198,r,g1-10,1050
4741,198,r,g1-11,1497
4742,198,s,g0-00,787
4743,198,s,g0-01,463
4744,198,s,g0-10,919
4745,198,s,g0-11,608
4746,198,s,g1-00,1548
4747,198,s,g1-01,1535
4748,198,s,g1-10,1493
4749,198,s,g1-11,1340
4750,199,i,g0-00,58
4751,199,i,g0-01,65
4752,199,i,g0-10,48
4753,199,i,g0-11,57
4754,199,i,g1-00,61
4755,199,i,g1-01,92
4756,199,i,g1-10,50
4757,199,i,g1-11,92
4758,199,r,g0-00,460
4759,199,r,g0-01,372
4760,199,r,g0-10,460
4761,199,r,g0-11,407
4762,199,r,g1-00,1100
4763,199,r,g1-01,1482
4764,199,r,g1-10,1037
4765,199,r,g1-11,1513
4766,199,s,g0-00,761
4767,199,s,g0-01,482
4768,199,s,g0-10,948
4769,199,s,g0-11,606
4770,199,s,g1-00,1560
4771,199,s,g1-01,1507
4772,199,s,g1-10,1457
4773,199,s,g1-11,1325
4774,200,i,g0-00,51
4775,200,i,g0-01,60
4776,200,i,g0-10,52
4777,200,i,g0-11,52
4778,200,i,g1-00,79
4779,200,i,g1-01,103
4780,200,i,g1-10,52
4781,200,i,g1-11,95
4782,200,r,g0-00,469
4783,200,r,g0-01,414
4784,200,r,g0-10,455
4785,200,r,g0-11,412
4786,200,r,g1-00,1088
4787,200,r,g1-01,1451
4788,200,r,g1-10,1047
4789,200,r,g1-11,1518
4790,200,s,g0-00,768
4791,200,s,g0-01,479
4792,200,s,g0-10,941
4793,200,s,g0-11,616
4794,200,s,g1-00,1545
4795,200,s,g1-01,1493
4796,200,s,g1-10,1453
4797,200,s,g1-11,1307
4798,201,i,g0-00,61
4799,201,i,g0-01,69
4800,201,i,g0-10,52
4801,201,i,g0-11,63
4802,201,i,g1-00,69
4803,201,i,g1-01,97
4804,201,i,g1-10,65
4805,201,i,g1-11,86
4806,201,r,g0-00,436
4807,201,r,g0-01,400
4808,201,r,g0-10,431
4809,201,r,g0-11,406
4810,201,r,g1-00,1128
4811,201,r,g1-01,1475
4812,201,r,g1-10,1076
4813,201,r,g1-11,1533
4814,201,s,g0-00,787
4815,201,s,g0-01,488
4816,201,s,g0-10,933
4817,201,s,g0-11,596
4818,201,s,g1-00,1519
4819,201,s,g1-01,1471
4820,201,s,g1-10,1443
4821,201,s,g1-11,1316
4822,202,i,g0-00,63
4823,202,i,g0-01,67
4824,202,i,g0-10,60
4825,202,i,g0-11,56
4826,202,i,g1-00,60
4827,202,i,g1-01,93
4828,202,i,g1-10,50
4829,202,i,g1-11,101
4830,202,r,g0-00,435
4831,202,r,g0-01,387
4832,202,r,g0-10,481
4833,202,r,g0-11,419
4834,202,r,g1-00,1139
4835,202,r,g1-01,1506
4836,202,r,g1-10,1037
4837,202,r,g1-11,1521
4838,202,s,g0-00,749
4839,202,s,g0-01,459
4840,202,s,g0-10,949
4841,202,s,g0-11,618
4842,202,s,g1-00,1554
4843,202,s,g1-01,1488
4844,202,s,g1-10,1423
4845,202,s,g1-11,1285
4846,203,i,g0-00,57
4847,203,i,g0-01,58
4848,203,i,g0-10,62
4849,203,i,g0-11,63
4850,203,i,g1-00,66
4851,203,i,g1-01,100
4852,203,i,g1-10,56
4853,203,i,g1-11,92
4854,203,r,g0-00,479
4855,203,r,g0-01,405
4856,203,r,g0-10,450
4857,203,r,g0-11,394
4858,203,r,g1-00,1107
4859,203,r,g1-01,1508
4860,203,r,g1-10,1080
4861,203,r,g1-11,1562
4862,203,s,g0-00,786
4863,203,s,g0-01,496
4864,203,s,g0-10,960
4865,203,s,g0-11,578
4866,203,s,g1-00,1505
4867,203,s,g1-01,1433
4868,203,s,g1-10,1392
4869,203,s,g1-11,1311
4870,204,i,g0-00,69
4871,204,i,g0-01,66
4872,204,i,g0-10,56
4873,204,i,g0-11,56
4874,204,i,g1-00,60
4875,204,i,g1-01,104
4876,204,i,g1-10,54
4877,204,i,g1-11,102
4878,204,r,g0-00,439
4879,204,r,g0-01,401
4880,204,r,g0-10,476
4881,204,r,g0-11,418
4882,204,r,g1-00,1154
4883,204,r,g1-01,1517
4884,204,r,g1-10,1076
4885,204,r,g1-11,1548
4886,204,s,g0-00,772
4887,204,s,g0-01,468
4888,204,s,g0-10,928
4889,204,s,g0-11,540
4890,204,s,g1-00,1506
4891,204,s,g1-01,1444
4892,204,s,g1-10,1410
4893,204,s,g1-11,1336
4894,205,i,g0-00,65
4895,205,i,g0-01,63
4896,205,i,g0-10,52
4897,205,i,g0-11,62
4898,205,i,g1-00,63
4899,205,i,g1-01,100
4900,205,i,g1-10,48
4901,205,i,g1-11,98
4902,205,r,g0-00,477
4903,205,r,g0-01,390
4904,205,r,g0-10,497
4905,205,r,g0-11,401
4906,205,r,g1-00,1130
4907,205,r,g1-01,1539
4908,205,r,g1-10,1074
4909,205,r,g1-11,1579
4910,205,s,g0-00,791
4911,205,s,g0-01,488
4912,205,s,g0-10,957
4913,205,s,g0-11,618
4914,205,s,g1-00,1474
4915,205,s,g1-01,1420
4916,205,s,g1-10,1372
4917,205,s,g1-11,1242
4918,206,i,g0-00,68
4919,206,i,g0-01,71
4920,206,i,g0-10,49
4921,206,i,g0-11,60
4922,206,i,g1-00,64
4923,206,i,g1-01,97
4924,206,i,g1-10,55
4925,206,i,g1-11,90
4926,206,r,g0-00,480
4927,206,r,g0-01,410
4928,206,r,g0-10,454
4929,206,r,g0-11,443
4930,206,r,g1-00,1137
4931,206,r,g1-01,1531
4932,206,r,g1-10,1123
4933,206,r,g1-11,1559
4934,206,s,g0-00,751
4935,206,s,g0-01,492
4936,206,s,g0-10,926
4937,206,s,g0-11,602
4938,206,s,g1-00,1500
4939,206,s,g1-01,1399
4940,206,s,g1-10,1393
4941,206,s,g1-11,1246
4942,207,i,g0-00,66
4943,207,i,g0-01,60
4944,207,i,g0-10,54
4945,207,i,g0-11,65
4946,207,i,g1-00,59
4947,207,i,g1-01,111
4948,207,i,g1-10,61
4949,207,i,g1-11,93
4950,207,r,g0-00,497
4951,207,r,g0-01,393
4952,207,r,g0-10,454
4953,207,r,g0-11,434
4954,207,r,g1-00,1131
4955,207,r,g1-01,1562
4956,207,r,g1-10,1129
4957,207,r,g1-11,1573
4958,207,s,g0-00,777
4959,207,s,g0-01,479
4960,207,s,g0-10,948
4961,207,s,g0-11,602
4962,207,s,g1-00,1470
4963,207,s,g1-01,1395
4964,207,s,g1-10,1354
4965,207,s,g1-11,1233
4966,208,i,g0-00,53
4967,208,i,g0-01,73
4968,208,i,g0-10,61
4969,208,i,g0-11,65
4970,208,i,g1-00,61
4971,208,i,g1-01,102
4972,208,i,g1-10,53
4973,208,i,g1-11,93
4974,208,r,g0-00,486
4975,208,r,g0-01,392
4976,208,r,g0-10,482
4977,208,r,g0-11,415
4978,208,r,g1-00,1157
4979,208,r,g1-01,1575
4980,208,r,g1-10,1111
4981,208,r,g1-11,1604
4982,208,s,g0-00,736
4983,208,s,g0-01,445
4984,208,s,g0-10,949
4985,208,s,g0-11,610
4986,208,s,g1-00,1507
4987,208,s,g1-01,1413
4988,208,s,g1-10,1344
4989,208,s,g1-11,1213
4990,209,i,g0-00,53
4991,209,i,g0-01,67
4992,209,i,g0-10,56
4993,209,i,g0-11,58
4994,209,i,g1-00,62
4995,209,i,g1-01,97
4996,209,i,g1-10,63
4997,209,i,g1-11,93
4998,209,r,g0-00,520
4999,209,r,g0-01,418
5000,209,r,g0-10,486
5001,209,r,g0-11,411
5002,209,r,g1-00,1133
5003,209,r,g1-01,1568
5004,209,r,g1-10,1110
5005,209,r,g1-11,1627
5006,209,s,g0-00,759
5007,209,s,g0-01,461
5008,209,s,g0-10,1000
5009,209,s,g0-11,589
5010,209,s,g1-00,1473
5011,209,s,g1-01,1389
5012,209,s,g1-10,1285
5013,209,s,g1-11,1222
5014,210,i,g0-00,52
5015,210,i,g0-01,69
5016,210,i,g0-10,54
5017,210,i,g0-11,67
5018,210,i,g1-00,55
5019,210,i,g1-01,87
5020,210,i,g1-10,67
5021,210,i,g1-11,86
5022,210,r,g0-00,514
5023,210,r,g0-01,421
5024,210,r,g0-10,442
5025,210,r,g0-11,406
5026,210,r,g1-00,1153
5027,210,r,g1-01,1583
5028,210,r,g1-10,1158
5029,210,r,g1-11,1636
5030,210,s,g0-00,758
5031,210,s,g0-01,446
5032,210,s,g0-10,906
5033,210,s,g0-11,606
5034,210,s,g1-00,1468
5035,210,s,g1-01,1394
5036,210,s,g1-10,1373
5037,210,s,g1-11,1199
5038,211,i,g0-00,53
5039,211,i,g0-01,64
5040,211,i,g0-10,51
5041,211,i,g0-11,56
5042,211,i,g1-00,62
5043,211,i,g1-01,99
5044,211,i,g1-10,70
5045,211,i,g1-11,91
5046,211,r,g0-00,530
5047,211,r,g0-01,429
5048,211,r,g0-10,487
5049,211,r,g0-11,398
5050,211,r,g1-00,1143
5051,211,r,g1-01,1585
5052,211,r,g1-10,1125
5053,211,r,g1-11,1660
5054,211,s,g0-00,735
5055,211,s,g0-01,447
5056,211,s,g0-10,908
5057,211,s,g0-11,575
5058,211,s,g1-00,1477
5059,211,s,g1-01,1376
5060,211,s,g1-10,1359
5061,211,s,g1-11,1220
5062,212,i,g0-00,59
5063,212,i,g0-01,62
5064,212,i,g0-10,64
5065,212,i,g0-11,45
5066,212,i,g1-00,66
5067,212,i,g1-01,109
5068,212,i,g1-10,55
5069,212,i,g1-11,102
5070,212,r,g0-00,495
5071,212,r,g0-01,416
5072,212,r,g0-10,485
5073,212,r,g0-11,472
5074,212,r,g1-00,1180
5075,212,r,g1-01,1605
5076,212,r,g1-10,1140
5077,212,r,g1-11,1600
5078,212,s,g0-00,732
5079,212,s,g0-01,464
5080,212,s,g0-10,950
5081,212,s,g0-11,629
5082,212,s,g1-00,1468
5083,212,s,g1-01,1344
5084,212,s,g1-10,1306
5085,212,s,g1-11,1152
5086,213,i,g0-00,67
5087,213,i,g0-01,66
5088,213,i,g0-10,60
5089,213,i,g0-11,60
5090,213,i,g1-00,56
5091,213,i,g1-01,112
5092,213,i,g1-10,62
5093,213,i,g1-11,78
5094,213,r,g0-00,521
5095,213,r,g0-01,387
5096,213,r,g0-10,481
5097,213,r,g0-11,447
5098,213,r,g1-00,1170
5099,213,r,g1-01,1640
5100,213,r,g1-10,1149
5101,213,r,g1-11,1642
5102,213,s,g0-00,754
5103,213,s,g0-01,462
5104,213,s,g0-10,915
5105,213,s,g0-11,603
5106,213,s,g1-00,1432
5107,213,s,g1-01,1333
5108,213,s,g1-10,1333
5109,213,s,g1-11,1170
5110,214,i,g0-00,60
5111,214,i,g0-01,72
5112,214,i,g0-10,50
5113,214,i,g0-11,54
5114,214,i,g1-00,67
5115,214,i,g1-01,106
5116,214,i,g1-10,64
5117,214,i,g1-11,87
5118,214,r,g0-00,496
5119,214,r,g0-01,441
5120,214,r,g0-10,494
5121,214,r,g0-11,439
5122,214,r,g1-00,1204
5123,214,r,g1-01,1607
5124,214,r,g1-10,1152
5125,214,r,g1-11,1660
5126,214,s,g0-00,751
5127,214,s,g0-01,441
5128,214,s,g0-10,924
5129,214,s,g0-11,589
5130,214,s,g1-00,1422
5131,214,s,g1-01,1333
5132,214,s,g1-10,1316
5133,214,s,g1-11,1171
5134,215,i,g0-00,71
5135,215,i,g0-01,68
5136,215,i,g0-10,66
5137,215,i,g0-11,49
5138,215,i,g1-00,70
5139,215,i,g1-01,108
5140,215,i,g1-10,49
5141,215,i,g1-11,89
5142,215,r,g0-00,530
5143,215,r,g0-01,430
5144,215,r,g0-10,508
5145,215,r,g0-11,457
5146,215,r,g1-00,1179
5147,215,r,g1-01,1636
5148,215,r,g1-10,1144
5149,215,r,g1-11,1660
5150,215,s,g0-00,700
5151,215,s,g0-01,493
5152,215,s,g0-10,929
5153,215,s,g0-11,566
5154,215,s,g1-00,1450
5155,215,s,g1-01,1265
5156,215,s,g1-10,1304
5157,215,s,g1-11,1179
5158,216,i,g0-00,71
5159,216,i,g0-01,64
5160,216,i,g0-10,50
5161,216,i,g0-11,50
5162,216,i,g1-00,69
5163,216,i,g1-01,105
5164,216,i,g1-10,66
5165,216,i,g1-11,75
5166,216,r,g0-00,505
5167,216,r,g0-01,430
5168,216,r,g0-10,486
5169,216,r,g0-11,457
5170,216,r,g1-00,1217
5171,216,r,g1-01,1654
5172,216,r,g1-10,1175
5173,216,r,g1-11,1680
5174,216,s,g0-00,721
5175,216,s,g0-01,471
5176,216,s,g0-10,910
5177,216,s,g0-11,549
5178,216,s,g1-00,1417
5179,216,s,g1-01,1276
5180,216,s,g1-10,1313
5181,216,s,g1-11,1189
5182,217,i,g0-00,74
5183,217,i,g0-01,71
5184,217,i,g0-10,63
5185,217,i,g0-11,41
5186,217,i,g1-00,64
5187,217,i,g1-01,98
5188,217,i,g1-10,63
5189,217,i,g1-11,83
5190,217,r,g0-00,510
5191,217,r,g0-01,420
5192,217,r,g0-10,489
5193,217,r,g0-11,434
5194,217,r,g1-00,1230
5195,217,r,g1-01,1678
5196,217,r,g1-10,1180
5197,217,r,g1-11,1710
5198,217,s,g0-00,703
5199,217,s,g0-01,424
5200,217,s,g0-10,888
5201,217,s,g0-11,572
5202,217,s,g1-00,1419
5203,217,s,g1-01,1309
5204,217,s,g1-10,1317
5205,217,s,g1-11,1160
5206,218,i,g0-00,81
5207,218,i,g0-01,71
5208,218,i,g0-10,65
5209,218,i,g0-11,50
5210,218,i,g1-00,55
5211,218,i,g1-01,101
5212,218,i,g1-10,66
5213,218,i,g1-11,76
5214,218,r,g0-00,507
5215,218,r,g0-01,406
5216,218,r,g0-10,525
5217,218,r,g0-11,470
5218,218,r,g1-00,1241
5219,218,r,g1-01,1707
5220,218,r,g1-10,1149
5221,218,r,g1-11,1679
5222,218,s,g0-00,690
5223,218,s,g0-01,395
5224,218,s,g0-10,889
5225,218,s,g0-11,535
5226,218,s,g1-00,1426
5227,218,s,g1-01,1320
5228,218,s,g1-10,1306
5229,218,s,g1-11,1190
5230,219,i,g0-00,57
5231,219,i,g0-01,61
5232,219,i,g0-10,70
5233,219,i,g0-11,59
5234,219,i,g1-00,72
5235,219,i,g1-01,108
5236,219,i,g1-10,63
5237,219,i,g1-11,70
5238,219,r,g0-00,550
5239,219,r,g0-01,444
5240,219,r,g0-10,532
5241,219,r,g0-11,476
5242,219,r,g1-00,1217
5243,219,r,g1-01,1673
5244,219,r,g1-10,1154
5245,219,r,g1-11,1680
5246,219,s,g0-00,681
5247,219,s,g0-01,457
5248,219,s,g0-10,935
5249,219,s,g0-11,524
5250,219,s,g1-00,1423
5251,219,s,g1-01,1257
5252,219,s,g1-10,1246
5253,219,s,g1-11,1191
5254,220,i,g0-00,71
5255,220,i,g0-01,59
5256,220,i,g0-10,76
5257,220,i,g0-11,50
5258,220,i,g1-00,55
5259,220,i,g1-01,103
5260,220,i,g1-10,59
5261,220,i,g1-11,80
5262,220,r,g0-00,578
5263,220,r,g0-01,423
5264,220,r,g0-10,519
5265,220,r,g0-11,465
5266,220,r,g1-00,1204
5267,220,r,g1-01,1718
5268,220,r,g1-10,1172
5269,220,r,g1-11,1704
5270,220,s,g0-00,706
5271,220,s,g0-01,427
5272,220,s,g0-10,921
5273,220,s,g0-11,576
5274,220,s,g1-00,1386
5275,220,s,g1-01,1270
5276,220,s,g1-10,1253
5277,220,s,g1-11,1125
5278,221,i,g0-00,70
5279,221,i,g0-01,66
5280,221,i,g0-10,72
5281,221,i,g0-11,51
5282,221,i,g1-00,58
5283,221,i,g1-01,102
5284,221,i,g1-10,51
5285,221,i,g1-11,84
5286,221,r,g0-00,532
5287,221,r,g0-01,423
5288,221,r,g0-10,485
5289,221,r,g0-11,439
5290,221,r,g1-00,1263
5291,221,r,g1-01,1728
5292,221,r,g1-10,1219
5293,221,r,g1-11,1732
5294,221,s,g0-00,696
5295,221,s,g0-01,425
5296,221,s,g0-10,885
5297,221,s,g0-11,562
5298,221,s,g1-00,1381
5299,221,s,g1-01,1256
5300,221,s,g1-10,1288
5301,221,s,g1-11,1132
5302,222,i,g0-00,61
5303,222,i,g0-01,58
5304,222,i,g0-10,68
5305,222,i,g0-11,62
5306,222,i,g1-00,78
5307,222,i,g1-01,106
5308,222,i,g1-10,54
5309,222,i,g1-11,79
5310,222,r,g0-00,585
5311,222,r,g0-01,472
5312,222,r,g0-10,480
5313,222,r,g0-11,441
5314,222,r,g1-00,1221
5315,222,r,g1-01,1686
5316,222,r,g1-10,1237
5317,222,r,g1-11,1731
5318,222,s,g0-00,698
5319,222,s,g0-01,431
5320,222,s,g0-10,908
5321,222,s,g0-11,523
5322,222,s,g1-00,1357
5323,222,s,g1-01,1247
5324,222,s,g1-10,1253
5325,222,s,g1-11,1164
5326,223,i,g0-00,61
5327,223,i,g0-01,73
5328,223,i,g0-10,53
5329,223,i,g0-11,50
5330,223,i,g1-00,60
5331,223,i,g1-01,93
5332,223,i,g1-10,71
5333,223,i,g1-11,86
5334,223,r,g0-00,568
5335,223,r,g0-01,438
5336,223,r,g0-10,543
5337,223,r,g0-11,480
5338,223,r,g1-00,1260
5339,223,r,g1-01,1727
5340,223,r,g1-10,1170
5341,223,r,g1-11,1699
5342,223,s,g0-00,696
5343,223,s,g0-01,428
5344,223,s,g0-10,921
5345,223,s,g0-11,539
5346,223,s,g1-00,1355
5347,223,s,g1-01,1241
5348,223,s,g1-10,1242
5349,223,s,g1-11,1146
5350,224,i,g0-00,65
5351,224,i,g0-01,61
5352,224,i,g0-10,66
5353,224,i,g0-11,47
5354,224,i,g1-00,55
5355,224,i,g1-01,111
5356,224,i,g1-10,58
5357,224,i,g1-11,83
5358,224,r,g0-00,524
5359,224,r,g0-01,438
5360,224,r,g0-10,505
5361,224,r,g0-11,456
5362,224,r,g1-00,1309
5363,224,r,g1-01,1739
5364,224,r,g1-10,1219
5365,224,r,g1-11,1742
5366,224,s,g0-00,674
5367,224,s,g0-01,414
5368,224,s,g0-10,851
5369,224,s,g0-11,522
5370,224,s,g1-00,1373
5371,224,s,g1-01,1237
5372,224,s,g1-10,1301
5373,224,s,g1-11,1150
5374,225,i,g0-00,56
5375,225,i,g0-01,69
5376,225,i,g0-10,58
5377,225,i,g0-11,44
5378,225,i,g1-00,61
5379,225,i,g1-01,106
5380,225,i,g1-10,61
5381,225,i,g1-11,82
5382,225,r,g0-00,546
5383,225,r,g0-01,445
5384,225,r,g0-10,497
5385,225,r,g0-11,456
5386,225,r,g1-00,1294
5387,225,r,g1-01,1740
5388,225,r,g1-10,1238
5389,225,r,g1-11,1756
5390,225,s,g0-00,685
5391,225,s,g0-01,394
5392,225,s,g0-10,878
5393,225,s,g0-11,528
5394,225,s,g1-00,1358
5395,225,s,g1-01,1246
5396,225,s,g1-10,1268
5397,225,s,g1-11,1134
5398,226,i,g0-00,67
5399,226,i,g0-01,72
5400,226,i,g0-10,66
5401,226,i,g0-11,48
5402,226,i,g1-00,50
5403,226,i,g1-01,104
5404,226,i,g1-10,47
5405,226,i,g1-11,77
5406,226,r,g0-00,547
5407,226,r,g0-01,488
5408,226,r,g0-10,517
5409,226,r,g0-11,459
5410,226,r,g1-00,1298
5411,226,r,g1-01,1710
5412,226,r,g1-10,1233
5413,226,r,g1-11,1763
5414,226,s,g0-00,725
5415,226,s,g0-01,375
5416,226,s,g0-10,873
5417,226,s,g0-11,547
5418,226,s,g1-00,1313
5419,226,s,g1-01,1251
5420,226,s,g1-10,1264
5421,226,s,g1-11,1106
5422,227,i,g0-00,52
5423,227,i,g0-01,71
5424,227,i,g0-10,60
5425,227,i,g0-11,55
5426,227,i,g1-00,57
5427,227,i,g1-01,104
5428,227,i,g1-10,53
5429,227,i,g1-11,74
5430,227,r,g0-00,556
5431,227,r,g0-01,455
5432,227,r,g0-10,536
5433,227,r,g0-11,445
5434,227,r,g1-00,1301
5435,227,r,g1-01,1760
5436,227,r,g1-10,1226
5437,227,r,g1-11,1785
5438,227,s,g0-00,652
5439,227,s,g0-01,422
5440,227,s,g0-10,867
5441,227,s,g0-11,520
5442,227,s,g1-00,1382
5443,227,s,g1-01,1188
5444,227,s,g1-10,1258
5445,227,s,g1-11,1121
5446,228,i,g0-00,53
5447,228,i,g0-01,62
5448,228,i,g0-10,51
5449,228,i,g0-11,54
5450,228,i,g1-00,62
5451,228,i,g1-01,109
5452,228,i,g1-10,59
5453,228,i,g1-11,73
5454,228,r,g0-00,557
5455,228,r,g0-01,478
5456,228,r,g0-10,526
5457,228,r,g0-11,426
5458,228,r,g1-00,1308
5459,228,r,g1-01,1757
5460,228,r,g1-10,1237
5461,228,r,g1-11,1810
5462,228,s,g0-00,700
5463,228,s,g0-01,391
5464,228,s,g0-10,841
5465,228,s,g0-11,521
5466,228,s,g1-00,1320
5467,228,s,g1-01,1203
5468,228,s,g1-10,1286
5469,228,s,g1-11,1116
5470,229,i,g0-00,50
5471,229,i,g0-01,69
5472,229,i,g0-10,53
5473,229,i,g0-11,47
5474,229,i,g1-00,58
5475,229,i,g1-01,105
5476,229,i,g1-10,52
5477,229,i,g1-11,68
5478,229,r,g0-00,545
5479,229,r,g0-01,456
5480,229,r,g0-10,494
5481,229,r,g0-11,469
5482,229,r,g1-00,1336
5483,229,r,g1-01,1787
5484,229,r,g1-10,1280
5485,229,r,g1-11,1771
5486,229,s,g0-00,657
5487,229,s,g0-01,390
5488,229,s,g0-10,833
5489,229,s,g0-11,530
5490,229,s,g1-00,1354
5491,229,s,g1-01,1193
5492,229,s,g1-10,1288
5493,229,s,g1-11,1115
5494,230,i,g0-00,53
5495,230,i,g0-01,68
5496,230,i,g0-10,50
5497,230,i,g0-11,42
5498,230,i,g1-00,53
5499,230,i,g1-01,101
5500,230,i,g1-10,52
5501,230,i,g1-11,63
5502,230,r,g0-00,566
5503,230,r,g0-01,456
5504,230,r,g0-10,551
5505,230,r,g0-11,468
5506,230,r,g1-00,1326
5507,230,r,g1-01,1800
5508,230,r,g1-10,1228
5509,230,r,g1-11,1788
5510,230,s,g0-00,660
5511,230,s,g0-01,410
5512,230,s,g0-10,834
5513,230,s,g0-11,503
5514,230,s,g1-00,1342
5515,230,s,g1-01,1165
5516,230,s,g1-10,1285
5517,230,s,g1-11,1136
5518,231,i,g0-00,57
5519,231,i,g0-01,50
5520,231,i,g0-10,47
5521,231,i,g0-11,45
5522,231,i,g1-00,50
5523,231,i,g1-01,102
5524,231,i,g1-10,50
5525,231,i,g1-11,58
5526,231,r,g0-00,602
5527,231,r,g0-01,494
5528,231,r,g0-10,517
5529,231,r,g0-11,464
5530,231,r,g1-00,1292
5531,231,r,g1-01,1786
5532,231,r,g1-10,1272
5533,231,r,g1-11,1806
5534,231,s,g0-00,686
5535,231,s,g0-01,368
5536,231,s,g0-10,883
5537,231,s,g0-11,525
5538,231,s,g1-00,1313
5539,231,s,g1-01,1200
5540,231,s,g1-10,1231
5541,231,s,g1-11,1102
5542,232,i,g0-00,50
5543,232,i,g0-01,68
5544,232,i,g0-10,51
5545,232,i,g0-11,39
5546,232,i,g1-00,44
5547,232,i,g1-01,76
5548,232,i,g1-10,44
5549,232,i,g1-11,64
5550,232,r,g0-00,580
5551,232,r,g0-01,503
5552,232,r,g0-10,536
5553,232,r,g0-11,462
5554,232,r,g1-00,1327
5555,232,r,g1-01,1794
5556,232,r,g1-10,1262
5557,232,r,g1-11,1814
5558,232,s,g0-00,677
5559,232,s,g0-01,348
5560,232,s,g0-10,827
5561,232,s,g0-11,527
5562,232,s,g1-00,1322
5563,232,s,g1-01,1211
5564,232,s,g1-10,1280
5565,232,s,g1-11,1094
5566,233,i,g0-00,50
5567,233,i,g0-01,59
5568,233,i,g0-10,39
5569,233,i,g0-11,40
5570,233,i,g1-00,42
5571,233,i,g1-01,79
5572,233,i,g1-10,50
5573,233,i,g1-11,55
5574,233,r,g0-00,589
5575,233,r,g0-01,489
5576,233,r,g0-10,562
5577,233,r,g0-11,480
5578,233,r,g1-00,1321
5579,233,r,g1-01,1817
5580,233,r,g1-10,1244
5581,233,r,g1-11,1802
5582,233,s,g0-00,640
5583,233,s,g0-01,370
5584,233,s,g0-10,830
5585,233,s,g0-11,470
5586,233,s,g1-00,1358
5587,233,s,g1-01,1186
5588,233,s,g1-10,1275
5589,233,s,g1-11,1153
5590,234,i,g0-00,46
5591,234,i,g0-01,49
5592,234,i,g0-10,41
5593,234,i,g0-11,29
5594,234,i,g1-00,42
5595,234,i,g1-01,84
5596,234,i,g1-10,47
5597,234,i,g1-11,59
5598,234,r,g0-00,624
5599,234,r,g0-01,519
5600,234,r,g0-10,549
5601,234,r,g0-11,462
5602,234,r,g1-00,1291
5603,234,r,g1-01,1785
5604,234,r,g1-10,1265
5605,234,r,g1-11,1823
5606,234,s,g0-00,686
5607,234,s,g0-01,395
5608,234,s,g0-10,842
5609,234,s,g0-11,515
5610,234,s,g1-00,1311
5611,234,s,g1-01,1168
5612,234,s,g1-10,1256
5613,234,s,g1-11,1112
5614,235,i,g0-00,47
5615,235,i,g0-01,54
5616,235,i,g0-10,38
5617,235,i,g0-11,31
5618,235,i,g1-00,45
5619,235,i,g1-01,78
5620,235,i,g1-10,50
5621,235,i,g1-11,59
5622,235,r,g0-00,622
5623,235,r,g0-01,448
5624,235,r,g0-10,560
5625,235,r,g0-11,452
5626,235,r,g1-00,1292
5627,235,r,g1-01,1858
5628,235,r,g1-10,1256
5629,235,r,g1-11,1838
5630,235,s,g0-00,669
5631,235,s,g0-01,383
5632,235,s,g0-10,838
5633,235,s,g0-11,522
5634,235,s,g1-00,1325
5635,235,s,g1-01,1179
5636,235,s,g1-10,1258
5637,235,s,g1-11,1098
5638,236,i,g0-00,44
5639,236,i,g0-01,53
5640,236,i,g0-10,46
5641,236,i,g0-11,38
5642,236,i,g1-00,43
5643,236,i,g1-01,78
5644,236,i,g1-10,38
5645,236,i,g1-11,49
5646,236,r,g0-00,572
5647,236,r,g0-01,467
5648,236,r,g0-10,545
5649,236,r,g0-11,445
5650,236,r,g1-00,1344
5651,236,r,g1-01,1848
5652,236,r,g1-10,1282
5653,236,r,g1-11,1854
5654,236,s,g0-00,628
5655,236,s,g0-01,375
5656,236,s,g0-10,824
5657,236,s,g0-11,535
5658,236,s,g1-00,1369
5659,236,s,g1-01,1179
5660,236,s,g1-10,1265
5661,236,s,g1-11,1079
5662,237,i,g0-00,47
5663,237,i,g0-01,49
5664,237,i,g0-10,41
5665,237,i,g0-11,31
5666,237,i,g1-00,41
5667,237,i,g1-01,80
5668,237,i,g1-10,45
5669,237,i,g1-11,54
5670,237,r,g0-00,597
5671,237,r,g0-01,470
5672,237,r,g0-10,581
5673,237,r,g0-11,447
5674,237,r,g1-00,1325
5675,237,r,g1-01,1844
5676,237,r,g1-10,1249
5677,237,r,g1-11,1855
5678,237,s,g0-00,687
5679,237,s,g0-01,372
5680,237,s,g0-10,820
5681,237,s,g0-11,535
5682,237,s,g1-00,1303
5683,237,s,g1-01,1185
5684,237,s,g1-10,1264
5685,237,s,g1-11,1078
5686,238,i,g0-00,49
5687,238,i,g0-01,35
5688,238,i,g0-10,43
5689,238,i,g0-11,31
5690,238,i,g1-00,37
5691,238,i,g1-01,91
5692,238,i,g1-10,39
5693,238,i,g1-11,61
5694,238,r,g0-00,580
5695,238,r,g0-01,512
5696,238,r,g0-10,539
5697,238,r,g0-11,483
5698,238,r,g1-00,1347
5699,238,r,g1-01,1819
5700,238,r,g1-10,1290
5701,238,r,g1-11,1824
5702,238,s,g0-00,703
5703,238,s,g0-01,373
5704,238,s,g0-10,798
5705,238,s,g0-11,470
5706,238,s,g1-00,1284
5707,238,s,g1-01,1170
5708,238,s,g1-10,1291
5709,238,s,g1-11,1131
5710,239,i,g0-00,46
5711,239,i,g0-01,41
5712,239,i,g0-10,44
5713,239,i,g0-11,36
5714,239,i,g1-00,32
5715,239,i,g1-01,83
5716,239,i,g1-10,45
5717,239,i,g1-11,52
5718,239,r,g0-00,591
5719,239,r,g0-01,473
5720,239,r,g0-10,514
5721,239,r,g0-11,455
5722,239,r,g1-00,1343
5723,239,r,g1-01,1853
5724,239,r,g1-10,1314
5725,239,r,g1-11,1858
5726,239,s,g0-00,667
5727,239,s,g0-01,368
5728,239,s,g0-10,804
5729,239,s,g0-11,494
5730,239,s,g1-00,1321
5731,239,s,g1-01,1182
5732,239,s,g1-10,1279
5733,239,s,g1-11,1105
5734,240,i,g0-00,41
5735,240,i,g0-01,44
5736,240,i,g0-10,44
5737,240,i,g0-11,42
5738,240,i,g1-00,32
5739,240,i,g1-01,64
5740,240,i,g1-10,37
5741,240,i,g1-11,51
5742,240,r,g0-00,589
5743,240,r,g0-01,461
5744,240,r,g0-10,554
5745,240,r,g0-11,501
5746,240,r,g1-00,1348
5747,240,r,g1-01,1878
5748,240,r,g1-10,1280
5749,240,r,g1-11,1817
5750,240,s,g0-00,702
5751,240,s,g0-01,362
5752,240,s,g0-10,762
5753,240,s,g0-11,448
5754,240,s,g1-00,1288
5755,240,s,g1-01,1191
5756,240,s,g1-10,1323
5757,240,s,g1-11,1141
5758,241,i,g0-00,34
5759,241,i,g0-01,40
5760,241,i,g0-10,36
5761,241,i,g0-11,36
5762,241,i,g1-00,42
5763,241,i,g1-01,64
5764,241,i,g1-10,43
5765,241,i,g1-11,54
5766,241,r,g0-00,558
5767,241,r,g0-01,481
5768,241,r,g0-10,561
5769,241,r,g0-11,467
5770,241,r,g1-00,1386
5771,241,r,g1-01,1866
5772,241,r,g1-10,1274
5773,241,r,g1-11,1847
5774,241,s,g0-00,670
5775,241,s,g0-01,360
5776,241,s,g0-10,796
5777,241,s,g0-11,440
5778,241,s,g1-00,1310
5779,241,s,g1-01,1189
5780,241,s,g1-10,1290
5781,241,s,g1-11,1156
5782,242,i,g0-00,41
5783,242,i,g0-01,40
5784,242,i,g0-10,38
5785,242,i,g0-11,37
5786,242,i,g1-00,37
5787,242,i,g1-01,63
5788,242,i,g1-10,37
5789,242,i,g1-11,48
5790,242,r,g0-00,603
5791,242,r,g0-01,519
5792,242,r,g0-10,531
5793,242,r,g0-11,459
5794,242,r,g1-00,1342
5795,242,r,g1-01,1826
5796,242,r,g1-10,1311
5797,242,r,g1-11,1862
5798,242,s,g0-00,623
5799,242,s,g0-01,369
5800,242,s,g0-10,787
5801,242,s,g0-11,456
5802,242,s,g1-00,1354
5803,242,s,g1-01,1183
5804,242,s,g1-10,1296
5805,242,s,g1-11,1138
5806,243,i,g0-00,32
5807,243,i,g0-01,40
5808,243,i,g0-10,48
5809,243,i,g0-11,35
5810,243,i,g1-00,48
5811,243,i,g1-01,60
5812,243,i,g1-10,29
5813,243,i,g1-11,47
5814,243,r,g0-00,573
5815,243,r,g0-01,489
5816,243,r,g0-10,558
5817,243,r,g0-11,489
5818,243,r,g1-00,1376
5819,243,r,g1-01,1867
5820,243,r,g1-10,1286
5821,243,r,g1-11,1836
5822,243,s,g0-00,635
5823,243,s,g0-01,354
5824,243,s,g0-10,813
5825,243,s,g0-11,459
5826,243,s,g1-00,1336
5827,243,s,g1-01,1190
5828,243,s,g1-10,1266
5829,243,s,g1-11,1134
5830,244,i,g0-00,40
5831,244,i,g0-01,32
5832,244,i,g0-10,41
5833,244,i,g0-11,29
5834,244,i,g1-00,34
5835,244,i,g1-01,55
5836,244,i,g1-10,35
5837,244,i,g1-11,43
5838,244,r,g0-00,642
5839,244,r,g0-01,470
5840,244,r,g0-10,566
5841,244,r,g0-11,462
5842,244,r,g1-00,1311
5843,244,r,g1-01,1895
5844,244,r,g1-10,1280
5845,244,r,g1-11,1865
5846,244,s,g0-00,625
5847,244,s,g0-01,361
5848,244,s,g0-10,784
5849,244,s,g0-11,480
5850,244,s,g1-00,1348
5851,244,s,g1-01,1187
5852,244,s,g1-10,1294
5853,244,s,g1-11,1121
5854,245,i,g0-00,34
5855,245,i,g0-01,23
5856,245,i,g0-10,39
5857,245,i,g0-11,29
5858,245,i,g1-00,34
5859,245,i,g1-01,53
5860,245,i,g1-10,37
5861,245,i,g1-11,46
5862,245,r,g0-00,580
5863,245,r,g0-01,484
5864,245,r,g0-10,567
5865,245,r,g0-11,508
5866,245,r,g1-00,1374
5867,245,r,g1-01,1892
5868,245,r,g1-10,1287
5869,245,r,g1-11,1823
5870,245,s,g0-00,675
5871,245,s,g0-01,348
5872,245,s,g0-10,845
5873,245,s,g0-11,443
5874,245,s,g1-00,1303
5875,245,s,g1-01,1200
5876,245,s,g1-10,1225
5877,245,s,g1-11,1151
5878,246,i,g0-00,28
5879,246,i,g0-01,25
5880,246,i,g0-10,33
5881,246,i,g0-11,33
5882,246,i,g1-00,37
5883,246,i,g1-01,45
5884,246,i,g1-10,36
5885,246,i,g1-11,44
5886,246,r,g0-00,563
5887,246,r,g0-01,492
5888,246,r,g0-10,570
5889,246,r,g0-11,511
5890,246,r,g1-00,1396
5891,246,r,g1-01,1886
5892,246,r,g1-10,1291
5893,246,r,g1-11,1820
5894,246,s,g0-00,677
5895,246,s,g0-01,381
5896,246,s,g0-10,783
5897,246,s,g0-11,444
5898,246,s,g1-00,1299
5899,246,s,g1-01,1171
5900,246,s,g1-10,1287
5901,246,s,g1-11,1148
5902,247,i,g0-00,33
5903,247,i,g0-01,28
5904,247,i,g0-10,32
5905,247,i,g0-11,29
5906,247,i,g1-00,34
5907,247,i,g1-01,40
5908,247,i,g1-10,32
5909,247,i,g1-11,46
5910,247,r,g0-00,577
5911,247,r,g0-01,495
5912,247,r,g0-10,549
5913,247,r,g0-11,498
5914,247,r,g1-00,1374
5915,247,r,g1-01,1889
5916,247,r,g1-10,1318
5917,247,r,g1-11,1836
5918,247,s,g0-00,602
5919,247,s,g0-01,357
5920,247,s,g0-10,795
5921,247,s,g0-11,467
5922,247,s,g1-00,1380
5923,247,s,g1-01,1191
5924,247,s,g1-10,1274
5925,247,s,g1-11,1124
5926,248,i,g0-00,38
5927,248,i,g0-01,23
5928,248,i,g0-10,34
5929,248,i,g0-11,26
5930,248,i,g1-00,32
5931,248,i,g1-01,42
5932,248,i,g1-10,28
5933,248,i,g1-11,51
5934,248,r,g0-00,564
5935,248,r,g0-01,497
5936,248,r,g0-10,600
5937,248,r,g0-11,443
5938,248,r,g1-00,1379
5939,248,r,g1-01,1883
5940,248,r,g1-10,1270
5941,248,r,g1-11,1885
5942,248,s,g0-00,676
5943,248,s,g0-01,329
5944,248,s,g0-10,738
5945,248,s,g0-11,462
5946,248,s,g1-00,1311
5947,248,s,g1-01,1226
5948,248,s,g1-10,1330
5949,248,s,g1-11,1133
5950,249,i,g0-00,30
5951,249,i,g0-01,27
5952,249,i,g0-10,35
5953,249,i,g0-11,32
5954,249,i,g1-00,38
5955,249,i,g1-01,35
5956,249,i,g1-10,27
5957,249,i,g1-11,46
5958,249,r,g0-00,551
5959,249,r,g0-01,507
5960,249,r,g0-10,567
5961,249,r,g0-11,458
5962,249,r,g1-00,1396
5963,249,r,g1-01,1873
5964,249,r,g1-10,1299
5965,249,r,g1-11,1872
5966,249,s,g0-00,627
5967,249,s,g0-01,359
5968,249,s,g0-10,777
5969,249,s,g0-11,453
5970,249,s,g1-00,1358
5971,249,s,g1-01,1199
5972,249,s,g1-10,1295
5973,249,s,g1-11,1139
5974,250,i,g0-00,34
5975,250,i,g0-01,17
5976,250,i,g0-10,33
5977,250,i,g0-11,25
5978,250,i,g1-00,29
5979,250,i,g1-01,40
5980,250,i,g1-10,31
5981,250,i,g1-11,45
5982,250,r,g0-00,602
5983,250,r,g0-01,464
5984,250,r,g0-10,528
5985,250,r,g0-11,500
5986,250,r,g1-00,1351
5987,250,r,g1-01,1923
5988,250,r,g1-10,1339
5989,250,r,g1-11,1834
5990,250,s,g0-00,635
5991,250,s,g0-01,367
5992,250,s,g0-10,745
5993,250,s,g0-11,406
5994,250,s,g1-00,1349
5995,250,s,g1-01,1189
5996,250,s,g1-10,1324
5997,250,s,g1-11,1190
5998,251,i,g0-00,27
5999,251,i,g0-01,20
6000,251,i,g0-10,33
6001,251,i,g0-11,26
6002,251,i,g1-00,37
6003,251,i,g1-01,35
6004,251,i,g1-10,26
6005,251,i,g1-11,42
6006,251,r,g0-00,570
6007,251,r,g0-01,498
6008,251,r,g0-10,579
6009,251,r,g0-11,434
6010,251,r,g1-00,1381
6011,251,r,g1-01,1889
6012,251,r,g1-10,1287
6013,251,r,g1-11,1897
6014,251,s,g0-00,620
6015,251,s,g0-01,361
6016,251,s,g0-10,754
6017,251,s,g0-11,449
6018,251,s,g1-00,1365
6019,251,s,g1-01,1197
6020,251,s,g1-10,1321
6021,251,s,g1-11,1152
6022,252,i,g0-00,28
6023,252,i,g0-01,21
6024,252,i,g0-10,26
6025,252,i,g0-11,27
6026,252,i,g1-00,36
6027,252,i,g1-01,34
6028,252,i,g1-10,30
6029,252,i,g1-11,44
6030,252,r,g0-00,587
6031,252,r,g0-01,441
6032,252,r,g0-10,581
6033,252,r,g0-11,489
6034,252,r,g1-00,1364
6035,252,r,g1-01,1941
6036,252,r,g1-10,1288
6037,252,r,g1-11,1840
6038,252,s,g0-00,615
6039,252,s,g0-01,350
6040,252,s,g0-10,799
6041,252,s,g0-11,430
6042,252,s,g1-00,1370
6043,252,s,g1-01,1213
6044,252,s,g1-10,1276
6045,252,s,g1-11,1170
6046,253,i,g0-00,38
6047,253,i,g0-01,13
6048,253,i,g0-10,33
6049,253,i,g0-11,26
6050,253,i,g1-00,28
6051,253,i,g1-01,42
6052,253,i,g1-10,28
6053,253,i,g1-11,41
6054,253,r,g0-00,561
6055,253,r,g0-01,506
6056,253,r,g0-10,565
6057,253,r,g0-11,491
6058,253,r,g1-00,1390
6059,253,r,g1-01,1879
6060,253,r,g1-10,1301
6061,253,r,g1-11,1838
6062,253,s,g0-00,655
6063,253,s,g0-01,352
6064,253,s,g0-10,749
6065,253,s,g0-11,438
6066,253,s,g1-00,1328
6067,253,s,g1-01,1208
6068,253,s,g1-10,1324
6069,253,s,g1-11,1166
6070,254,i,g0-00,30
6071,254,i,g0-01,18
6072,254,i,g0-10,34
6073,254,i,g0-11,26
6074,254,i,g1-00,36
6075,254,i,g1-01,32
6076,254,i,g1-10,35
6077,254,i,g1-11,40
6078,254,r,g0-00,563
6079,254,r,g0-01,537
6080,254,r,g0-10,586
6081,254,r,g0-11,448
6082,254,r,g1-00,1390
6083,254,r,g1-01,1853
6084,254,r,g1-10,1278
6085,254,r,g1-11,1882
6086,254,s,g0-00,631
6087,254,s,g0-01,348
6088,254,s,g0-10,713
6089,254,s,g0-11,420
6090,254,s,g1-00,1350
6091,254,s,g1-01,1212
6092,254,s,g1-10,1354
6093,254,s,g1-11,1184
6094,255,i,g0-00,32
6095,255,i,g0-01,19
6096,255,i,g0-10,44
6097,255,i,g0-11,25
6098,255,i,g1-00,28
6099,255,i,g1-01,27
6100,255,i,g1-10,26
6101,255,i,g1-11,41
6102,255,r,g0-00,613
6103,255,r,g0-01,509
6104,255,r,g0-10,553
6105,255,r,g0-11,508
6106,255,r,g1-00,1344
6107,255,r,g1-01,1875
6108,255,r,g1-10,1307
6109,255,r,g1-11,1815
6110,255,s,g0-00,629
6111,255,s,g0-01,376
6112,255,s,g0-10,735
6113,255,s,g0-11,453
6114,255,s,g1-00,1354
6115,255,s,g1-01,1194
6116,255,s,g1-10,1335
6117,255,s,g1-11,1158
6118,256,i,g0-00,30
6119,256,i,g0-01,14
6120,256,i,g0-10,29
6121,256,i,g0-11,25
6122,256,i,g1-00,28
6123,256,i,g1-01,41
6124,256,i,g1-10,32
6125,256,i,g1-11,39
6126,256,r,g0-00,584
6127,256,r,g0-01,498
6128,256,r,g0-10,532
6129,256,r,g0-11,472
6130,256,r,g1-00,1371
6131,256,r,g1-01,1879
6132,256,r,g1-10,1327
6133,256,r,g1-11,1852
6134,256,s,g0-00,649
6135,256,s,g0-01,361
6136,256,s,g0-10,758
6137,256,s,g0-11,460
6138,256,s,g1-00,1338
6139,256,s,g1-01,1207
6140,256,s,g1-10,1322
6141,256,s,g1-11,1152
6142,257,i,g0-00,30
6143,257,i,g0-01,22
6144,257,i,g0-10,29
6145,257,i,g0-11,22
6146,257,i,g1-00,27
6147,257,i,g1-01,38
6148,257,i,g1-10,34
6149,257,i,g1-11,37
6150,257,r,g0-00,550
6151,257,r,g0-01,471
6152,257,r,g0-10,563
6153,257,r,g0-11,496
6154,257,r,g1-00,1410
6155,257,r,g1-01,1902
6156,257,r,g1-10,1302
6157,257,r,g1-11,1828
6158,257,s,g0-00,622
6159,257,s,g0-01,350
6160,257,s,g0-10,723
6161,257,s,g0-11,395
6162,257,s,g1-00,1361
6163,257,s,g1-01,1217
6164,257,s,g1-10,1349
6165,257,s,g1-11,1222
6166,258,i,g0-00,25
6167,258,i,g0-01,23
6168,258,i,g0-10,29
6169,258,i,g0-11,22
6170,258,i,g1-00,25
6171,258,i,g1-01,32
6172,258,i,g1-10,32
6173,258,i,g1-11,36
6174,258,r,g0-00,566
6175,258,r,g0-01,482
6176,258,r,g0-10,566
6177,258,r,g0-11,490
6178,258,r,g1-00,1401
6179,258,r,g1-01,1893
6180,258,r,g1-10,1299
6181,258,r,g1-11,1834
6182,258,s,g0-00,597
6183,258,s,g0-01,372
6184,258,s,g0-10,716
6185,258,s,g0-11,411
6186,258,s,g1-00,1386
6187,258,s,g1-01,1198
6188,258,s,g1-10,1358
6189,258,s,g1-11,1207
6190,259,i,g0-00,28
6191,259,i,g0-01,18
6192,259,i,g0-10,32
6193,259,i,g0-11,24
6194,259,i,g1-00,23
6195,259,i,g1-01,37
6196,259,i,g1-10,31
6197,259,i,g1-11,37
6198,259,r,g0-00,602
6199,259,r,g0-01,481
6200,259,r,g0-10,546
6201,259,r,g0-11,497
6202,259,r,g1-00,1363
6203,259,r,g1-01,1891
6204,259,r,g1-10,1315
6205,259,r,g1-11,1821
6206,259,s,g0-00,612
6207,259,s,g0-01,375
6208,259,s,g0-10,680
6209,259,s,g0-11,445
6210,259,s,g1-00,1372
6211,259,s,g1-01,1198
6212,259,s,g1-10,1396
6213,259,s,g1-11,1176
6214,260,i,g0-00,20
6215,260,i,g0-01,12
6216,260,i,g0-10,34
6217,260,i,g0-11,20
6218,260,i,g1-00,29
6219,260,i,g1-01,41
6220,260,i,g1-10,27
6221,260,i,g1-11,40
6222,260,r,g0-00,591
6223,260,r,g0-01,481
6224,260,r,g0-10,605
6225,260,r,g0-11,490
6226,260,r,g1-00,1373
6227,260,r,g1-01,1894
6228,260,r,g1-10,1257
6229,260,r,g1-11,1822
6230,260,s,g0-00,617
6231,260,s,g0-01,362
6232,260,s,g0-10,739
6233,260,s,g0-11,413
6234,260,s,g1-00,1370
6235,260,s,g1-01,1210
6236,260,s,g1-10,1338
6237,260,s,g1-11,1215
6238,261,i,g0-00,23
6239,261,i,g0-01,20
6240,261,i,g0-10,22
6241,261,i,g0-11,23
6242,261,i,g1-00,25
6243,261,i,g1-01,31
6244,261,i,g1-10,32
6245,261,i,g1-11,32
6246,261,r,g0-00,608
6247,261,r,g0-01,501
6248,261,r,g0-10,575
6249,261,r,g0-11,510
6250,261,r,g1-00,1348
6251,261,r,g1-01,1873
6252,261,r,g1-10,1293
6253,261,r,g1-11,1800
6254,261,s,g0-00,628
6255,261,s,g0-01,354
6256,261,s,g0-10,724
6257,261,s,g0-11,410
6258,261,s,g1-00,1368
6259,261,s,g1-01,1221
6260,261,s,g1-10,1354
6261,261,s,g1-11,1225
6262,262,i,g0-00,24
6263,262,i,g0-01,23
6264,262,i,g0-10,23
6265,262,i,g0-11,23
6266,262,i,g1-00,22
6267,262,i,g1-01,27
6268,262,i,g1-10,37
6269,262,i,g1-11,39
6270,262,r,g0-00,565
6271,262,r,g0-01,490
6272,262,r,g0-10,600
6273,262,r,g0-11,442
6274,262,r,g1-00,1392
6275,262,r,g1-01,1883
6276,262,r,g1-10,1263
6277,262,r,g1-11,1859
6278,262,s,g0-00,635
6279,262,s,g0-01,385
6280,262,s,g0-10,723
6281,262,s,g0-11,467
6282,262,s,g1-00,1362
6283,262,s,g1-01,1192
6284,262,s,g1-10,1354
6285,262,s,g1-11,1170
6286,263,i,g0-00,22
6287,263,i,g0-01,16
6288,263,i,g0-10,28
6289,263,i,g0-11,23
6290,263,i,g1-00,25
6291,263,i,g1-01,33
6292,263,i,g1-10,26
6293,263,i,g1-11,34
6294,263,r,g0-00,564
6295,263,r,g0-01,525
6296,263,r,g0-10,533
6297,263,r,g0-11,483
6298,263,r,g1-00,1388
6299,263,r,g1-01,1846
6300,263,r,g1-10,1329
6301,263,r,g1-11,1819
6302,263,s,g0-00,619
6303,263,s,g0-01,339
6304,263,s,g0-10,690
6305,263,s,g0-11,428
6306,263,s,g1-00,1382
6307,263,s,g1-01,1241
6308,263,s,g1-10,1394
6309,263,s,g1-11,1213
6310,264,i,g0-00,21
6311,264,i,g0-01,20
6312,264,i,g0-10,22
6313,264,i,g0-11,21
6314,264,i,g1-00,21
6315,264,i,g1-01,26
6316,264,i,g1-10,24
6317,264,i,g1-11,34
6318,264,r,g0-00,623
6319,264,r,g0-01,479
6320,264,r,g0-10,550
6321,264,r,g0-11,492
6322,264,r,g1-00,1332
6323,264,r,g1-01,1887
6324,264,r,g1-10,1315
6325,264,r,g1-11,1811
6326,264,s,g0-00,583
6327,264,s,g0-01,356
6328,264,s,g0-10,698
6329,264,s,g0-11,414
6330,264,s,g1-00,1420
6331,264,s,g1-01,1232
6332,264,s,g1-10,1391
6333,264,s,g1-11,1228
6334,265,i,g0-00,22
6335,265,i,g0-01,21
6336,265,i,g0-10,23
6337,265,i,g0-11,16
6338,265,i,g1-00,19
6339,265,i,g1-01,28
6340,265,i,g1-10,17
6341,265,i,g1-11,35
6342,265,r,g0-00,596
6343,265,r,g0-01,474
6344,265,r,g0-10,548
6345,265,r,g0-11,503
6346,265,r,g1-00,1358
6347,265,r,g1-01,1895
6348,265,r,g1-10,1316
6349,265,r,g1-11,1799
6350,265,s,g0-00,638
6351,265,s,g0-01,360
6352,265,s,g0-10,701
6353,265,s,g0-11,424
6354,265,s,g1-00,1367
6355,265,s,g1-01,1222
6356,265,s,g1-10,1395
6357,265,s,g1-11,1223
6358,266,i,g0-00,19
6359,266,i,g0-01,19
6360,266,i,g0-10,20
6361,266,i,g0-11,19
6362,266,i,g1-00,18
6363,266,i,g1-01,29
6364,266,i,g1-10,19
6365,266,i,g1-11,30
6366,266,r,g0-00,590
6367,266,r,g0-01,484
6368,266,r,g0-10,539
6369,266,r,g0-11,489
6370,266,r,g1-00,1367
6371,266,r,g1-01,1880
6372,266,r,g1-10,1320
6373,266,r,g1-11,1816
6374,266,s,g0-00,638
6375,266,s,g0-01,370
6376,266,s,g0-10,744
6377,266,s,g0-11,411
6378,266,s,g1-00,1368
6379,266,s,g1-01,1218
6380,266,s,g1-10,1358
6381,266,s,g1-11,1235
6382,267,i,g0-00,16
6383,267,i,g0-01,17
6384,267,i,g0-10,21
6385,267,i,g0-11,22
6386,267,i,g1-00,17
6387,267,i,g1-01,29
6388,267,i,g1-10,20
6389,267,i,g1-11,21
6390,267,r,g0-00,574
6391,267,r,g0-01,482
6392,267,r,g0-10,549
6393,267,r,g0-11,463
6394,267,r,g1-00,1378
6395,267,r,g1-01,1887
6396,267,r,g1-10,1303
6397,267,r,g1-11,1839
6398,267,s,g0-00,647
6399,267,s,g0-01,373
6400,267,s,g0-10,737
6401,267,s,g0-11,428
6402,267,s,g1-00,1368
6403,267,s,g1-01,1212
6404,267,s,g1-10,1370
6405,267,s,g1-11,1227
6406,268,i,g0-00,16
6407,268,i,g0-01,19
6408,268,i,g0-10,22
6409,268,i,g0-11,17
6410,268,i,g1-00,19
6411,268,i,g1-01,26
6412,268,i,g1-10,19
6413,268,i,g1-11,31
6414,268,r,g0-00,585
6415,268,r,g0-01,458
6416,268,r,g0-10,551
6417,268,r,g0-11,496
6418,268,r,g1-00,1366
6419,268,r,g1-01,1904
6420,268,r,g1-10,1298
6421,268,r,g1-11,1801
6422,268,s,g0-00,625
6423,268,s,g0-01,341
6424,268,s,g0-10,746
6425,268,s,g0-11,444
6426,268,s,g1-00,1389
6427,268,s,g1-01,1252
6428,268,s,g1-10,1364
6429,268,s,g1-11,1211
6430,269,i,g0-00,17
6431,269,i,g0-01,21
6432,269,i,g0-10,19
6433,269,i,g0-11,19
6434,269,i,g1-00,18
6435,269,i,g1-01,23
6436,269,i,g1-10,23
6437,269,i,g1-11,27
6438,269,r,g0-00,595
6439,269,r,g0-01,476
6440,269,r,g0-10,584
6441,269,r,g0-11,462
6442,269,r,g1-00,1346
6443,269,r,g1-01,1886
6444,269,r,g1-10,1259
6445,269,r,g1-11,1823
6446,269,s,g0-00,661
6447,269,s,g0-01,346
6448,269,s,g0-10,694
6449,269,s,g0-11,419
6450,269,s,g1-00,1363
6451,269,s,g1-01,1248
6452,269,s,g1-10,1421
6453,269,s,g1-11,1250
6454,270,i,g0-00,14
6455,270,i,g0-01,17
6456,270,i,g0-10,24
6457,270,i,g0-11,19
6458,270,i,g1-00,18
6459,270,i,g1-01,30
6460,270,i,g1-10,14
6461,270,i,g1-11,29
6462,270,r,g0-00,567
6463,270,r,g0-01,488
6464,270,r,g0-10,562
6465,270,r,g0-11,494
6466,270,r,g1-00,1375
6467,270,r,g1-01,1866
6468,270,r,g1-10,1280
6469,270,r,g1-11,1783
6470,270,s,g0-00,645
6471,270,s,g0-01,348
6472,270,s,g0-10,757
6473,270,s,g0-11,415
6474,270,s,g1-00,1381
6475,270,s,g1-01,1251
6476,270,s,g1-10,1363
6477,270,s,g1-11,1260
6478,271,i,g0-00,14
6479,271,i,g0-01,22
6480,271,i,g0-10,22
6481,271,i,g0-11,21
6482,271,i,g1-00,22
6483,271,i,g1-01,25
6484,271,i,g1-10,20
6485,271,i,g1-11,25
6486,271,r,g0-00,596
6487,271,r,g0-01,509
6488,271,r,g0-10,587
6489,271,r,g0-11,464
6490,271,r,g1-00,1339
6491,271,r,g1-01,1845
6492,271,r,g1-10,1256
6493,271,r,g1-11,1816
6494,271,s,g0-00,645
6495,271,s,g0-01,360
6496,271,s,g0-10,705
6497,271,s,g0-11,401
6498,271,s,g1-00,1384
6499,271,s,g1-01,1239
6500,271,s,g1-10,1410
6501,271,s,g1-11,1273
6502,272,i,g0-00,18
6503,272,i,g0-01,17
6504,272,i,g0-10,21
6505,272,i,g0-11,18
6506,272,i,g1-00,19
6507,272,i,g1-01,33
6508,272,i,g1-10,19
6509,272,i,g1-11,25
6510,272,r,g0-00,547
6511,272,r,g0-01,487
6512,272,r,g0-10,570
6513,272,r,g0-11,482
6514,272,r,g1-00,1384
6515,272,r,g1-01,1866
6516,272,r,g1-10,1274
6517,272,r,g1-11,1801
6518,272,s,g0-00,629
6519,272,s,g0-01,361
6520,272,s,g0-10,699
6521,272,s,g0-11,420
6522,272,s,g1-00,1403
6523,272,s,g1-01,1236
6524,272,s,g1-10,1417
6525,272,s,g1-11,1254
6526,273,i,g0-00,17
6527,273,i,g0-01,22
6528,273,i,g0-10,18
6529,273,i,g0-11,19
6530,273,i,g1-00,18
6531,273,i,g1-01,22
6532,273,i,g1-10,21
6533,273,i,g1-11,20
6534,273,r,g0-00,585
6535,273,r,g0-01,484
6536,273,r,g0-10,559
6537,273,r,g0-11,437
6538,273,r,g1-00,1348
6539,273,r,g1-01,1865
6540,273,r,g1-10,1285
6541,273,r,g1-11,1845
6542,273,s,g0-00,654
6543,273,s,g0-01,362
6544,273,s,g0-10,689
6545,273,s,g0-11,416
6546,273,s,g1-00,1378
6547,273,s,g1-01,1245
6548,273,s,g1-10,1428
6549,273,s,g1-11,1263
6550,274,i,g0-00,17
6551,274,i,g0-01,19
6552,274,i,g0-10,14
6553,274,i,g0-11,12
6554,274,i,g1-00,16
6555,274,i,g1-01,22
6556,274,i,g1-10,21
6557,274,i,g1-11,23
6558,274,r,g0-00,590
6559,274,r,g0-01,451
6560,274,r,g0-10,558
6561,274,r,g0-11,460
6562,274,r,g1-00,1344
6563,274,r,g1-01,1890
6564,274,r,g1-10,1293
6565,274,r,g1-11,1815
6566,274,s,g0-00,646
6567,274,s,g0-01,366
6568,274,s,g0-10,710
6569,274,s,g0-11,413
6570,274,s,g1-00,1387
6571,274,s,g1-01,1252
6572,274,s,g1-10,1404
6573,274,s,g1-11,1277
6574,275,i,g0-00,17
6575,275,i,g0-01,20
6576,275,i,g0-10,23
6577,275,i,g0-11,7
6578,275,i,g1-00,17
6579,275,i,g1-01,18
6580,275,i,g1-10,16
6581,275,i,g1-11,26
6582,275,r,g0-00,607
6583,275,r,g0-01,485
6584,275,r,g0-10,523
6585,275,r,g0-11,465
6586,275,r,g1-00,1324
6587,275,r,g1-01,1851
6588,275,r,g1-10,1321
6589,275,r,g1-11,1811
6590,275,s,g0-00,628
6591,275,s,g0-01,322
6592,275,s,g0-10,686
6593,275,s,g0-11,402
6594,275,s,g1-00,1407
6595,275,s,g1-01,1304
6596,275,s,g1-10,1431
6597,275,s,g1-11,1289
6598,276,i,g0-00,12
6599,276,i,g0-01,13
6600,276,i,g0-10,21
6601,276,i,g0-11,12
6602,276,i,g1-00,22
6603,276,i,g1-01,26
6604,276,i,g1-10,20
6605,276,i,g1-11,21
6606,276,r,g0-00,560
6607,276,r,g0-01,462
6608,276,r,g0-10,538
6609,276,r,g0-11,463
6610,276,r,g1-00,1361
6611,276,r,g1-01,1867
6612,276,r,g1-10,1302
6613,276,r,g1-11,1807
6614,276,s,g0-00,652
6615,276,s,g0-01,349
6616,276,s,g0-10,717
6617,276,s,g0-11,396
6618,276,s,g1-00,1393
6619,276,s,g1-01,1283
6620,276,s,g1-10,1402
6621,276,s,g1-11,1301
6622,277,i,g0-00,20
6623,277,i,g0-01,15
6624,277,i,g0-10,20
6625,277,i,g0-11,16
6626,277,i,g1-00,13
6627,277,i,g1-01,23
6628,277,i,g1-10,13
6629,277,i,g1-11,13
6630,277,r,g0-00,584
6631,277,r,g0-01,463
6632,277,r,g0-10,581
6633,277,r,g0-11,477
6634,277,r,g1-00,1334
6635,277,r,g1-01,1863
6636,277,r,g1-10,1264
6637,277,r,g1-11,1790
6638,277,s,g0-00,664
6639,277,s,g0-01,339
6640,277,s,g0-10,701
6641,277,s,g0-11,443
6642,277,s,g1-00,1385
6643,277,s,g1-01,1297
6644,277,s,g1-10,1421
6645,277,s,g1-11,1261
6646,278,i,g0-00,18
6647,278,i,g0-01,23
6648,278,i,g0-10,13
6649,278,i,g0-11,9
6650,278,i,g1-00,14
6651,278,i,g1-01,19
6652,278,i,g1-10,17
6653,278,i,g1-11,21
6654,278,r,g0-00,583
6655,278,r,g0-01,485
6656,278,r,g0-10,590
6657,278,r,g0-11,485
6658,278,r,g1-00,1328
6659,278,r,g1-01,1832
6660,278,r,g1-10,1260
6661,278,r,g1-11,1778
6662,278,s,g0-00,654
6663,278,s,g0-01,353
6664,278,s,g0-10,706
6665,278,s,g0-11,434
6666,278,s,g1-00,1403
6667,278,s,g1-01,1288
6668,278,s,g1-10,1414
6669,278,s,g1-11,1273
6670,279,i,g0-00,17
6671,279,i,g0-01,16
6672,279,i,g0-10,19
6673,279,i,g0-11,8
6674,279,i,g1-00,17
6675,279,i,g1-01,25
6676,279,i,g1-10,15
6677,279,i,g1-11,18
6678,279,r,g0-00,566
6679,279,r,g0-01,456
6680,279,r,g0-10,554
6681,279,r,g0-11,452
6682,279,r,g1-00,1338
6683,279,r,g1-01,1854
6684,279,r,g1-10,1289
6685,279,r,g1-11,1813
6686,279,s,g0-00,667
6687,279,s,g0-01,348
6688,279,s,g0-10,711
6689,279,s,g0-11,417
6690,279,s,g1-00,1395
6691,279,s,g1-01,1301
6692,279,s,g1-10,1412
6693,279,s,g1-11,1292
6694,280,i,g0-00,11
6695,280,i,g0-01,15
6696,280,i,g0-10,20
6697,280,i,g0-11,8
6698,280,i,g1-00,21
6699,280,i,g1-01,28
6700,280,i,g1-10,17
6701,280,i,g1-11,20
6702,280,r,g0-00,573
6703,280,r,g0-01,453
6704,280,r,g0-10,542
6705,280,r,g0-11,423
6706,280,r,g1-00,1327
6707,280,r,g1-01,1851
6708,280,r,g1-10,1296
6709,280,r,g1-11,1833
6710,280,s,g0-00,652
6711,280,s,g0-01,365
6712,280,s,g0-10,677
6713,280,s,g0-11,425
6714,280,s,g1-00,1416
6715,280,s,g1-01,1288
6716,280,s,g1-10,1448
6717,280,s,g1-11,1291
6718,281,i,g0-00,17
6719,281,i,g0-01,20
6720,281,i,g0-10,20
6721,281,i,g0-11,13
6722,281,i,g1-00,16
6723,281,i,g1-01,27
6724,281,i,g1-10,17
6725,281,i,g1-11,14
6726,281,r,g0-00,530
6727,281,r,g0-01,457
6728,281,r,g0-10,562
6729,281,r,g0-11,447
6730,281,r,g1-00,1365
6731,281,r,g1-01,1841
6732,281,r,g1-10,1269
6733,281,r,g1-11,1796
6734,281,s,g0-00,638
6735,281,s,g0-01,343
6736,281,s,g0-10,696
6737,281,s,g0-11,377
6738,281,s,g1-00,1434
6739,281,s,g1-01,1312
6740,281,s,g1-10,1436
6741,281,s,g1-11,1353
6742,282,i,g0-00,14
6743,282,i,g0-01,19
6744,282,i,g0-10,23
6745,282,i,g0-11,13
6746,282,i,g1-00,22
6747,282,i,g1-01,23
6748,282,i,g1-10,11
6749,282,i,g1-11,16
6750,282,r,g0-00,559
6751,282,r,g0-01,446
6752,282,r,g0-10,530
6753,282,r,g0-11,443
6754,282,r,g1-00,1327
6755,282,r,g1-01,1844
6756,282,r,g1-10,1296
6757,282,r,g1-11,1794
6758,282,s,g0-00,626
6759,282,s,g0-01,352
6760,282,s,g0-10,704
6761,282,s,g0-11,406
6762,282,s,g1-00,1452
6763,282,s,g1-01,1316
6764,282,s,g1-10,1436
6765,282,s,g1-11,1328
6766,283,i,g0-00,21
6767,283,i,g0-01,17
6768,283,i,g0-10,19
6769,283,i,g0-11,10
6770,283,i,g1-00,13
6771,283,i,g1-01,23
6772,283,i,g1-10,18
6773,283,i,g1-11,19
6774,283,r,g0-00,543
6775,283,r,g0-01,470
6776,283,r,g0-10,538
6777,283,r,g0-11,427
6778,283,r,g1-00,1338
6779,283,r,g1-01,1816
6780,283,r,g1-10,1283
6781,283,r,g1-11,1804
6782,283,s,g0-00,627
6783,283,s,g0-01,357
6784,283,s,g0-10,674
6785,283,s,g0-11,420
6786,283,s,g1-00,1458
6787,283,s,g1-01,1317
6788,283,s,g1-10,1468
6789,283,s,g1-11,1320
6790,284,i,g0-00,21
6791,284,i,g0-01,12
6792,284,i,g0-10,21
6793,284,i,g0-11,9
6794,284,i,g1-00,14
6795,284,i,g1-01,27
6796,284,i,g1-10,17
6797,284,i,g1-11,26
6798,284,r,g0-00,576
6799,284,r,g0-01,458
6800,284,r,g0-10,563
6801,284,r,g0-11,478
6802,284,r,g1-00,1302
6803,284,r,g1-01,1823
6804,284,r,g1-10,1253
6805,284,r,g1-11,1750
6806,284,s,g0-00,647
6807,284,s,g0-01,380
6808,284,s,g0-10,721
6809,284,s,g0-11,390
6810,284,s,g1-00,1440
6811,284,s,g1-01,1300
6812,284,s,g1-10,1425
6813,284,s,g1-11,1347
6814,285,i,g0-00,13
6815,285,i,g0-01,14
6816,285,i,g0-10,18
6817,285,i,g0-11,14
6818,285,i,g1-00,21
6819,285,i,g1-01,21
6820,285,i,g1-10,21
6821,285,i,g1-11,26
6822,285,r,g0-00,562
6823,285,r,g0-01,458
6824,285,r,g0-10,553
6825,285,r,g0-11,507
6826,285,r,g1-00,1307
6827,285,r,g1-01,1821
6828,285,r,g1-10,1258
6829,285,r,g1-11,1716
6830,285,s,g0-00,626
6831,285,s,g0-01,395
6832,285,s,g0-10,671
6833,285,s,g0-11,396
6834,285,s,g1-00,1471
6835,285,s,g1-01,1291
6836,285,s,g1-10,1479
6837,285,s,g1-11,1341
6838,286,i,g0-00,9
6839,286,i,g0-01,13
6840,286,i,g0-10,20
6841,286,i,g0-11,16
6842,286,i,g1-00,21
6843,286,i,g1-01,22
6844,286,i,g1-10,21
6845,286,i,g1-11,22
6846,286,r,g0-00,553
6847,286,r,g0-01,483
6848,286,r,g0-10,503
6849,286,r,g0-11,493
6850,286,r,g1-00,1310
6851,286,r,g1-01,1786
6852,286,r,g1-10,1309
6853,286,r,g1-11,1726
6854,286,s,g0-00,650
6855,286,s,g0-01,347
6856,286,s,g0-10,691
6857,286,s,g0-11,407
6858,286,s,g1-00,1457
6859,286,s,g1-01,1349
6860,286,s,g1-10,1456
6861,286,s,g1-11,1336
6862,287,i,g0-00,16
6863,287,i,g0-01,11
6864,287,i,g0-10,19
6865,287,i,g0-11,11
6866,287,i,g1-00,18
6867,287,i,g1-01,24
6868,287,i,g1-10,15
6869,287,i,g1-11,21
6870,287,r,g0-00,539
6871,287,r,g0-01,462
6872,287,r,g0-10,545
6873,287,r,g0-11,446
6874,287,r,g1-00,1321
6875,287,r,g1-01,1805
6876,287,r,g1-10,1269
6877,287,r,g1-11,1762
6878,287,s,g0-00,648
6879,287,s,g0-01,378
6880,287,s,g0-10,714
6881,287,s,g0-11,370
6882,287,s,g1-00,1458
6883,287,s,g1-01,1320
6884,287,s,g1-10,1438
6885,287,s,g1-11,1390
6886,288,i,g0-00,12
6887,288,i,g0-01,10
6888,288,i,g0-10,18
6889,288,i,g0-11,12
6890,288,i,g1-00,19
6891,288,i,g1-01,21
6892,288,i,g1-10,12
6893,288,i,g1-11,17
6894,288,r,g0-00,546
6895,288,r,g0-01,440
6896,288,r,g0-10,536
6897,288,r,g0-11,470
6898,288,r,g1-00,1315
6899,288,r,g1-01,1824
6900,288,r,g1-10,1274
6901,288,r,g1-11,1735
6902,288,s,g0-00,646
6903,288,s,g0-01,354
6904,288,s,g0-10,697
6905,288,s,g0-11,413
6906,288,s,g1-00,1462
6907,288,s,g1-01,1351
6908,288,s,g1-10,1463
6909,288,s,g1-11,1353
6910,289,i,g0-00,19
6911,289,i,g0-01,13
6912,289,i,g0-10,19
6913,289,i,g0-11,15
6914,289,i,g1-00,12
6915,289,i,g1-01,20
6916,289,i,g1-10,9
6917,289,i,g1-11,16
6918,289,r,g0-00,552
6919,289,r,g0-01,469
6920,289,r,g0-10,542
6921,289,r,g0-11,452
6922,289,r,g1-00,1302
6923,289,r,g1-01,1788
6924,289,r,g1-10,1265
6925,289,r,g1-11,1744
6926,289,s,g0-00,653
6927,289,s,g0-01,390
6928,289,s,g0-10,720
6929,289,s,g0-11,437
6930,289,s,g1-00,1462
6931,289,s,g1-01,1320
6932,289,s,g1-10,1445
6933,289,s,g1-11,1336
6934,290,i,g0-00,13
6935,290,i,g0-01,14
6936,290,i,g0-10,15
6937,290,i,g0-11,10
6938,290,i,g1-00,16
6939,290,i,g1-01,17
6940,290,i,g1-10,12
6941,290,i,g1-11,19
6942,290,r,g0-00,561
6943,290,r,g0-01,461
6944,290,r,g0-10,515
6945,290,r,g0-11,431
6946,290,r,g1-00,1290
6947,290,r,g1-01,1786
6948,290,r,g1-10,1287
6949,290,r,g1-11,1760
6950,290,s,g0-00,647
6951,290,s,g0-01,401
6952,290,s,g0-10,794
6953,290,s,g0-11,444
6954,290,s,g1-00,1473
6955,290,s,g1-01,1321
6956,290,s,g1-10,1377
6957,290,s,g1-11,1336
6958,291,i,g0-00,11
6959,291,i,g0-01,14
6960,291,i,g0-10,14
6961,291,i,g0-11,13
6962,291,i,g1-00,17
6963,291,i,g1-01,20
6964,291,i,g1-10,16
6965,291,i,g1-11,18
6966,291,r,g0-00,533
6967,291,r,g0-01,444
6968,291,r,g0-10,525
6969,291,r,g0-11,432
6970,291,r,g1-00,1310
6971,291,r,g1-01,1798
6972,291,r,g1-10,1274
6973,291,r,g1-11,1758
6974,291,s,g0-00,646
6975,291,s,g0-01,348
6976,291,s,g0-10,741
6977,291,s,g0-11,410
6978,291,s,g1-00,1483
6979,291,s,g1-01,1376
6980,291,s,g1-10,1430
6981,291,s,g1-11,1369
6982,292,i,g0-00,16
6983,292,i,g0-01,13
6984,292,i,g0-10,20
6985,292,i,g0-11,11
6986,292,i,g1-00,12
6987,292,i,g1-01,22
6988,292,i,g1-10,9
6989,292,i,g1-11,19
6990,292,r,g0-00,553
6991,292,r,g0-01,443
6992,292,r,g0-10,512
6993,292,r,g0-11,454
6994,292,r,g1-00,1285
6995,292,r,g1-01,1796
6996,292,r,g1-10,1282
6997,292,r,g1-11,1729
6998,292,s,g0-00,669
6999,292,s,g0-01,392
7000,292,s,g0-10,662
7001,292,s,g0-11,428
7002,292,s,g1-00,1465
7003,292,s,g1-01,1334
7004,292,s,g1-10,1515
7005,292,s,g1-11,1359
7006,293,i,g0-00,10
7007,293,i,g0-01,15
7008,293,i,g0-10,10
7009,293,i,g0-11,7
7010,293,i,g1-00,17
7011,293,i,g1-01,16
7012,293,i,g1-10,14
7013,293,i,g1-11,23
7014,293,r,g0-00,567
7015,293,r,g0-01,472
7016,293,r,g0-10,545
7017,293,r,g0-11,463
7018,293,r,g1-00,1265
7019,293,r,g1-01,1760
7020,293,r,g1-10,1247
7021,293,r,g1-11,1714
7022,293,s,g0-00,662
7023,293,s,g0-01,374
7024,293,s,g0-10,664
7025,293,s,g0-11,429
7026,293,s,g1-00,1479
7027,293,s,g1-01,1363
7028,293,s,g1-10,1520
7029,293,s,g1-11,1364
7030,294,i,g0-00,11
7031,294,i,g0-01,6
7032,294,i,g0-10,12
7033,294,i,g0-11,16
7034,294,i,g1-00,14
7035,294,i,g1-01,23
7036,294,i,g1-10,11
7037,294,i,g1-11,20
7038,294,r,g0-00,549
7039,294,r,g0-01,446
7040,294,r,g0-10,541
7041,294,r,g0-11,472
7042,294,r,g1-00,1282
7043,294,r,g1-01,1785
7044,294,r,g1-10,1250
7045,294,r,g1-11,1693
7046,294,s,g0-00,677
7047,294,s,g0-01,360
7048,294,s,g0-10,701
7049,294,s,g0-11,445
7050,294,s,g1-00,1467
7051,294,s,g1-01,1380
7052,294,s,g1-10,1485
7053,294,s,g1-11,1354
7054,295,i,g0-00,12
7055,295,i,g0-01,16
7056,295,i,g0-10,13
7057,295,i,g0-11,17
7058,295,i,g1-00,14
7059,295,i,g1-01,14
7060,295,i,g1-10,9
7061,295,i,g1-11,17
7062,295,r,g0-00,509
7063,295,r,g0-01,476
7064,295,r,g0-10,529
7065,295,r,g0-11,458
7066,295,r,g1-00,1313
7067,295,r,g1-01,1751
7068,295,r,g1-10,1262
7069,295,r,g1-11,1695
7070,295,s,g0-00,648
7071,295,s,g0-01,361
7072,295,s,g0-10,669
7073,295,s,g0-11,438
7074,295,s,g1-00,1504
7075,295,s,g1-01,1382
7076,295,s,g1-10,1518
7077,295,s,g1-11,1375
7078,296,i,g0-00,14
7079,296,i,g0-01,8
7080,296,i,g0-10,14
7081,296,i,g0-11,13
7082,296,i,g1-00,13
7083,296,i,g1-01,19
7084,296,i,g1-10,9
7085,296,i,g1-11,19
7086,296,r,g0-00,544
7087,296,r,g0-01,491
7088,296,r,g0-10,546
7089,296,r,g0-11,440
7090,296,r,g1-00,1275
7091,296,r,g1-01,1736
7092,296,r,g1-10,1243
7093,296,r,g1-11,1708
7094,296,s,g0-00,641
7095,296,s,g0-01,389
7096,296,s,g0-10,704
7097,296,s,g0-11,428
7098,296,s,g1-00,1513
7099,296,s,g1-01,1357
7100,296,s,g1-10,1484
7101,296,s,g1-11,1392
7102,297,i,g0-00,12
7103,297,i,g0-01,5
7104,297,i,g0-10,12
7105,297,i,g0-11,9
7106,297,i,g1-00,14
7107,297,i,g1-01,21
7108,297,i,g1-10,12
7109,297,i,g1-11,23
7110,297,r,g0-00,536
7111,297,r,g0-01,441
7112,297,r,g0-10,536
7113,297,r,g0-11,421
7114,297,r,g1-00,1282
7115,297,r,g1-01,1781
7116,297,r,g1-10,1248
7117,297,r,g1-11,1722
7118,297,s,g0-00,666
7119,297,s,g0-01,381
7120,297,s,g0-10,725
7121,297,s,g0-11,406
7122,297,s,g1-00,1490
7123,297,s,g1-01,1371
7124,297,s,g1-10,1467
7125,297,s,g1-11,1419
7126,298,i,g0-00,13
7127,298,i,g0-01,12
7128,298,i,g0-10,13
7129,298,i,g0-11,12
7130,298,i,g1-00,12
7131,298,i,g1-01,16
7132,298,i,g1-10,15
7133,298,i,g1-11,15
7134,298,r,g0-00,550
7135,298,r,g0-01,451
7136,298,r,g0-10,565
7137,298,r,g0-11,451
7138,298,r,g1-00,1266
7139,298,r,g1-01,1760
7140,298,r,g1-10,1216
7141,298,r,g1-11,1690
7142,298,s,g0-00,674
7143,298,s,g0-01,386
7144,298,s,g0-10,747
7145,298,s,g0-11,397
7146,298,s,g1-00,1485
7147,298,s,g1-01,1375
7148,298,s,g1-10,1444
7149,298,s,g1-11,1435
7150,299,i,g0-00,13
7151,299,i,g0-01,10
7152,299,i,g0-10,11
7153,299,i,g0-11,11
7154,299,i,g1-00,10
7155,299,i,g1-01,18
7156,299,i,g1-10,16
7157,299,i,g1-11,19
7158,299,r,g0-00,541
7159,299,r,g0-01,453
7160,299,r,g0-10,505
7161,299,r,g0-11,461
7162,299,r,g1-00,1270
7163,299,r,g1-01,1749
7164,299,r,g1-10,1272
7165,299,r,g1-11,1665
7166,299,s,g0-00,649
7167,299,s,g0-01,390
7168,299,s,g0-10,731
7169,299,s,g0-11,460
7170,299,s,g1-00,1517
7171,299,s,g1-01,1380
7172,299,s,g1-10,1465
7173,299,s,g1-11,1384
7174,300,i,g0-00,12
7175,300,i,g0-01,13
7176,300,i,g0-10,16
7177,300,i,g0-11,16
7178,300,i,g1-00,6
7179,300,i,g1-01,11
7180,300,i,g1-10,11
7181,300,i,g1-11,13
7182,300,r,g0-00,524
7183,300,r,g0-01,435
7184,300,r,g0-10,506
7185,300,r,g0-11,436
7186,300,r,g1-00,1284
7187,300,r,g1-01,1756
7188,300,r,g1-10,1267
7189,300,r,g1-11,1685
7190,300,s,g0-00,649
7191,300,s,g0-01,392
7192,300,s,g0-10,723
7193,300,s,g0-11,444
7194,300,s,g1-00,1525
7195,300,s,g1-01,1393
7196,300,s,g1-10,1477
7197,300,s,g1-11,1406
7198,301,i,g0-00,11
7199,301,i,g0-01,13
7200,301,i,g0-10,17
7201,301,i,g0-11,11
7202,301,i,g1-00,11
7203,301,i,g1-01,11
7204,301,i,g1-10,8
7205,301,i,g1-11,21
7206,301,r,g0-00,532
7207,301,r,g0-01,455
7208,301,r,g0-10,568
7209,301,r,g0-11,431
7210,301,r,g1-00,1263
7211,301,r,g1-01,1731
7212,301,r,g1-10,1206
7213,301,r,g1-11,1685
7214,301,s,g0-00,679
7215,301,s,g0-01,397
7216,301,s,g0-10,715
7217,301,s,g0-11,430
7218,301,s,g1-00,1504
7219,301,s,g1-01,1393
7220,301,s,g1-10,1486
7221,301,s,g1-11,1422
7222,302,i,g0-00,10
7223,302,i,g0-01,14
7224,302,i,g0-10,11
7225,302,i,g0-11,8
7226,302,i,g1-00,14
7227,302,i,g1-01,10
7228,302,i,g1-10,9
7229,302,i,g1-11,19
7230,302,r,g0-00,568
7231,302,r,g0-01,468
7232,302,r,g0-10,533
7233,302,r,g0-11,433
7234,302,r,g1-00,1218
7235,302,r,g1-01,1714
7236,302,r,g1-10,1238
7237,302,r,g1-11,1679
7238,302,s,g0-00,653
7239,302,s,g0-01,409
7240,302,s,g0-10,733
7241,302,s,g0-11,404
7242,302,s,g1-00,1537
7243,302,s,g1-01,1385
7244,302,s,g1-10,1476
7245,302,s,g1-11,1457
7246,303,i,g0-00,9
7247,303,i,g0-01,10
7248,303,i,g0-10,10
7249,303,i,g0-11,11
7250,303,i,g1-00,12
7251,303,i,g1-01,16
7252,303,i,g1-10,12
7253,303,i,g1-11,18
7254,303,r,g0-00,533
7255,303,r,g0-01,451
7256,303,r,g0-10,526
7257,303,r,g0-11,432
7258,303,r,g1-00,1252
7259,303,r,g1-01,1719
7260,303,r,g1-10,1239
7261,303,r,g1-11,1671
7262,303,s,g0-00,660
7263,303,s,g0-01,380
7264,303,s,g0-10,739
7265,303,s,g0-11,472
7266,303,s,g1-00,1534
7267,303,s,g1-01,1424
7268,303,s,g1-10,1474
7269,303,s,g1-11,1396
7270,304,i,g0-00,9
7271,304,i,g0-01,12
7272,304,i,g0-10,12
7273,304,i,g0-11,7
7274,304,i,g1-00,11
7275,304,i,g1-01,18
7276,304,i,g1-10,5
7277,304,i,g1-11,22
7278,304,r,g0-00,511
7279,304,r,g0-01,412
7280,304,r,g0-10,519
7281,304,r,g0-11,441
7282,304,r,g1-00,1272
7283,304,r,g1-01,1748
7284,304,r,g1-10,1245
7285,304,r,g1-11,1655
7286,304,s,g0-00,660
7287,304,s,g0-01,399
7288,304,s,g0-10,733
7289,304,s,g0-11,423
7290,304,s,g1-00,1537
7291,304,s,g1-01,1411
7292,304,s,g1-10,1486
7293,304,s,g1-11,1452
7294,305,i,g0-00,12
7295,305,i,g0-01,15
7296,305,i,g0-10,12
7297,305,i,g0-11,8
7298,305,i,g1-00,11
7299,305,i,g1-01,17
7300,305,i,g1-10,11
7301,305,i,g1-11,21
7302,305,r,g0-00,539
7303,305,r,g0-01,417
7304,305,r,g0-10,543
7305,305,r,g0-11,424
7306,305,r,g1-00,1233
7307,305,r,g1-01,1740
7308,305,r,g1-10,1221
7309,305,r,g1-11,1672
7310,305,s,g0-00,682
7311,305,s,g0-01,392
7312,305,s,g0-10,695
7313,305,s,g0-11,476
7314,305,s,g1-00,1523
7315,305,s,g1-01,1419
7316,305,s,g1-10,1518
7317,305,s,g1-11,1399
7318,306,i,g0-00,14
7319,306,i,g0-01,15
7320,306,i,g0-10,9
7321,306,i,g0-11,7
7322,306,i,g1-00,10
7323,306,i,g1-01,16
7324,306,i,g1-10,13
7325,306,i,g1-11,22
7326,306,r,g0-00,502
7327,306,r,g0-01,451
7328,306,r,g0-10,542
7329,306,r,g0-11,423
7330,306,r,g1-00,1266
7331,306,r,g1-01,1700
7332,306,r,g1-10,1217
7333,306,r,g1-11,1665
7334,306,s,g0-00,668
7335,306,s,g0-01,390
7336,306,s,g0-10,696
7337,306,s,g0-11,456
7338,306,s,g1-00,1540
7339,306,s,g1-01,1428
7340,306,s,g1-10,1523
7341,306,s,g1-11,1427
7342,307,i,g0-00,15
7343,307,i,g0-01,15
7344,307,i,g0-10,12
7345,307,i,g0-11,13
7346,307,i,g1-00,13
7347,307,i,g1-01,13
7348,307,i,g1-10,11
7349,307,i,g1-11,15
7350,307,r,g0-00,500
7351,307,r,g0-01,460
7352,307,r,g0-10,503
7353,307,r,g0-11,398
7354,307,r,g1-00,1265
7355,307,r,g1-01,1687
7356,307,r,g1-10,1254
7357,307,r,g1-11,1690
7358,307,s,g0-00,692
7359,307,s,g0-01,409
7360,307,s,g0-10,744
7361,307,s,g0-11,458
7362,307,s,g1-00,1515
7363,307,s,g1-01,1416
7364,307,s,g1-10,1476
7365,307,s,g1-11,1426
7366,308,i,g0-00,11
7367,308,i,g0-01,8
7368,308,i,g0-10,10
7369,308,i,g0-11,13
7370,308,i,g1-00,16
7371,308,i,g1-01,24
7372,308,i,g1-10,16
7373,308,i,g1-11,21
7374,308,r,g0-00,549
7375,308,r,g0-01,466
7376,308,r,g0-10,521
7377,308,r,g0-11,420
7378,308,r,g1-00,1208
7379,308,r,g1-01,1670
7380,308,r,g1-10,1234
7381,308,r,g1-11,1664
7382,308,s,g0-00,697
7383,308,s,g0-01,404
7384,308,s,g0-10,667
7385,308,s,g0-11,416
7386,308,s,g1-00,1519
7387,308,s,g1-01,1428
7388,308,s,g1-10,1552
7389,308,s,g1-11,1466
7390,309,i,g0-00,17
7391,309,i,g0-01,14
7392,309,i,g0-10,14
7393,309,i,g0-11,16
7394,309,i,g1-00,12
7395,309,i,g1-01,15
7396,309,i,g1-10,15
7397,309,i,g1-11,16
7398,309,r,g0-00,537
7399,309,r,g0-01,422
7400,309,r,g0-10,525
7401,309,r,g0-11,410
7402,309,r,g1-00,1212
7403,309,r,g1-01,1710
7404,309,r,g1-10,1217
7405,309,r,g1-11,1668
7406,309,s,g0-00,680
7407,309,s,g0-01,408
7408,309,s,g0-10,697
7409,309,s,g0-11,430
7410,309,s,g1-00,1542
7411,309,s,g1-01,1431
7412,309,s,g1-10,1532
7413,309,s,g1-11,1460
7414,310,i,g0-00,16
7415,310,i,g0-01,14
7416,310,i,g0-10,12
7417,310,i,g0-11,12
7418,310,i,g1-00,15
7419,310,i,g1-01,20
7420,310,i,g1-10,19
7421,310,i,g1-11,19
7422,310,r,g0-00,518
7423,310,r,g0-01,443
7424,310,r,g0-10,517
7425,310,r,g0-11,424
7426,310,r,g1-00,1227
7427,310,r,g1-01,1681
7428,310,r,g1-10,1219
7429,310,r,g1-11,1651
7430,310,s,g0-00,693
7431,310,s,g0-01,399
7432,310,s,g0-10,710
7433,310,s,g0-11,460
7434,310,s,g1-00,1531
7435,310,s,g1-01,1443
7436,310,s,g1-10,1523
7437,310,s,g1-11,1434
7438,311,i,g0-00,12
7439,311,i,g0-01,9
7440,311,i,g0-10,17
7441,311,i,g0-11,9
7442,311,i,g1-00,19
7443,311,i,g1-01,25
7444,311,i,g1-10,19
7445,311,i,g1-11,22
7446,311,r,g0-00,499
7447,311,r,g0-01,453
7448,311,r,g0-10,527
7449,311,r,g0-11,411
7450,311,r,g1-00,1238
7451,311,r,g1-01,1669
7452,311,r,g1-10,1202
7453,311,r,g1-11,1665
7454,311,s,g0-00,650
7455,311,s,g0-01,368
7456,311,s,g0-10,707
7457,311,s,g0-11,429
7458,311,s,g1-00,1582
7459,311,s,g1-01,1476
7460,311,s,g1-10,1528
7461,311,s,g1-11,1464
7462,312,i,g0-00,16
7463,312,i,g0-01,12
7464,312,i,g0-10,17
7465,312,i,g0-11,6
7466,312,i,g1-00,19
7467,312,i,g1-01,23
7468,312,i,g1-10,22
7469,312,i,g1-11,26
7470,312,r,g0-00,543
7471,312,r,g0-01,455
7472,312,r,g0-10,527
7473,312,r,g0-11,418
7474,312,r,g1-00,1192
7475,312,r,g1-01,1664
7476,312,r,g1-10,1201
7477,312,r,g1-11,1654
7478,312,s,g0-00,693
7479,312,s,g0-01,413
7480,312,s,g0-10,704
7481,312,s,g0-11,438
7482,312,s,g1-00,1537
7483,312,s,g1-01,1433
7484,312,s,g1-10,1529
7485,312,s,g1-11,1458
7486,313,i,g0-00,21
7487,313,i,g0-01,13
7488,313,i,g0-10,22
7489,313,i,g0-11,9
7490,313,i,g1-00,20
7491,313,i,g1-01,27
7492,313,i,g1-10,16
7493,313,i,g1-11,23
7494,313,r,g0-00,513
7495,313,r,g0-01,442
7496,313,r,g0-10,520
7497,313,r,g0-11,434
7498,313,r,g1-00,1221
7499,313,r,g1-01,1671
7500,313,r,g1-10,1205
7501,313,r,g1-11,1635
7502,313,s,g0-00,666
7503,313,s,g0-01,400
7504,313,s,g0-10,743
7505,313,s,g0-11,431
7506,313,s,g1-00,1559
7507,313,s,g1-01,1447
7508,313,s,g1-10,1494
7509,313,s,g1-11,1468
7510,314,i,g0-00,18
7511,314,i,g0-01,13
7512,314,i,g0-10,21
7513,314,i,g0-11,9
7514,314,i,g1-00,18
7515,314,i,g1-01,33
7516,314,i,g1-10,19
7517,314,i,g1-11,22
7518,314,r,g0-00,552
7519,314,r,g0-01,418
7520,314,r,g0-10,540
7521,314,r,g0-11,420
7522,314,r,g1-00,1183
7523,314,r,g1-01,1690
7524,314,r,g1-10,1187
7525,314,r,g1-11,1641
7526,314,s,g0-00,705
7527,314,s,g0-01,396
7528,314,s,g0-10,707
7529,314,s,g0-11,438
7530,314,s,g1-00,1524
7531,314,s,g1-01,1450
7532,314,s,g1-10,1526
7533,314,s,g1-11,1470
7534,315,i,g0-00,22
7535,315,i,g0-01,16
7536,315,i,g0-10,22
7537,315,i,g0-11,11
7538,315,i,g1-00,17
7539,315,i,g1-01,23
7540,315,i,g1-10,19
7541,315,i,g1-11,13
7542,315,r,g0-00,531
7543,315,r,g0-01,459
7544,315,r,g0-10,487
7545,315,r,g0-11,420
7546,315,r,g1-00,1195
7547,315,r,g1-01,1645
7548,315,r,g1-10,1240
7549,315,r,g1-11,1645
7550,315,s,g0-00,690
7551,315,s,g0-01,391
7552,315,s,g0-10,713
7553,315,s,g0-11,426
7554,315,s,g1-00,1545
7555,315,s,g1-01,1466
7556,315,s,g1-10,1519
7557,315,s,g1-11,1485
7558,316,i,g0-00,17
7559,316,i,g0-01,17
7560,316,i,g0-10,17
7561,316,i,g0-11,9
7562,316,i,g1-00,25
7563,316,i,g1-01,27
7564,316,i,g1-10,18
7565,316,i,g1-11,15
7566,316,r,g0-00,538
7567,316,r,g0-01,438
7568,316,r,g0-10,509
7569,316,r,g0-11,426
7570,316,r,g1-00,1185
7571,316,r,g1-01,1664
7572,316,r,g1-10,1218
7573,316,r,g1-11,1634
7574,316,s,g0-00,709
7575,316,s,g0-01,400
7576,316,s,g0-10,746
7577,316,s,g0-11,458
7578,316,s,g1-00,1526
7579,316,s,g1-01,1454
7580,316,s,g1-10,1492
7581,316,s,g1-11,1458
7582,317,i,g0-00,19
7583,317,i,g0-01,18
7584,317,i,g0-10,22
7585,317,i,g0-11,7
7586,317,i,g1-00,25
7587,317,i,g1-01,32
7588,317,i,g1-10,14
7589,317,i,g1-11,16
7590,317,r,g0-00,539
7591,317,r,g0-01,413
7592,317,r,g0-10,522
7593,317,r,g0-11,422
7594,317,r,g1-00,1181
7595,317,r,g1-01,1682
7596,317,r,g1-10,1203
7597,317,r,g1-11,1633
7598,317,s,g0-00,681
7599,317,s,g0-01,413
7600,317,s,g0-10,687
7601,317,s,g0-11,408
7602,317,s,g1-00,1555
7603,317,s,g1-01,1442
7604,317,s,g1-10,1552
7605,317,s,g1-11,1514
7606,318,i,g0-00,21
7607,318,i,g0-01,18
7608,318,i,g0-10,19
7609,318,i,g0-11,8
7610,318,i,g1-00,19
7611,318,i,g1-01,30
7612,318,i,g1-10,15
7613,318,i,g1-11,13
7614,318,r,g0-00,522
7615,318,r,g0-01,416
7616,318,r,g0-10,487
7617,318,r,g0-11,422
7618,318,r,g1-00,1195
7619,318,r,g1-01,1683
7620,318,r,g1-10,1241
7621,318,r,g1-11,1627
7622,318,s,g0-00,689
7623,318,s,g0-01,400
7624,318,s,g0-10,733
7625,318,s,g0-11,447
7626,318,s,g1-00,1554
7627,318,s,g1-01,1453
7628,318,s,g1-10,1505
7629,318,s,g1-11,1483
7630,319,i,g0-00,18
7631,319,i,g0-01,14
7632,319,i,g0-10,19
7633,319,i,g0-11,7
7634,319,i,g1-00,23
7635,319,i,g1-01,43
7636,319,i,g1-10,14
7637,319,i,g1-11,15
7638,319,r,g0-00,502
7639,319,r,g0-01,414
7640,319,r,g0-10,505
7641,319,r,g0-11,436
7642,319,r,g1-00,1216
7643,319,r,g1-01,1680
7644,319,r,g1-10,1220
7645,319,r,g1-11,1612
7646,319,s,g0-00,706
7647,319,s,g0-01,394
7648,319,s,g0-10,743
7649,319,s,g0-11,459
7650,319,s,g1-00,1535
7651,319,s,g1-01,1455
7652,319,s,g1-10,1499
7653,319,s,g1-11,1471
7654,320,i,g0-00,19
7655,320,i,g0-01,18
7656,320,i,g0-10,23
7657,320,i,g0-11,11
7658,320,i,g1-00,23
7659,320,i,g1-01,39
7660,320,i,g1-10,11
7661,320,i,g1-11,18
7662,320,r,g0-00,545
7663,320,r,g0-01,468
7664,320,r,g0-10,534
7665,320,r,g0-11,393
7666,320,r,g1-00,1164
7667,320,r,g1-01,1623
7668,320,r,g1-10,1188
7669,320,r,g1-11,1648
7670,320,s,g0-00,745
7671,320,s,g0-01,397
7672,320,s,g0-10,750
7673,320,s,g0-11,447
7674,320,s,g1-00,1504
7675,320,s,g1-01,1455
7676,320,s,g1-10,1494
7677,320,s,g1-11,1483
7678,321,i,g0-00,24
7679,321,i,g0-01,23
7680,321,i,g0-10,15
7681,321,i,g0-11,11
7682,321,i,g1-00,22
7683,321,i,g1-01,39
7684,321,i,g1-10,20
7685,321,i,g1-11,18
7686,321,r,g0-00,489
7687,321,r,g0-01,422
7688,321,r,g0-10,531
7689,321,r,g0-11,426
7690,321,r,g1-00,1225
7691,321,r,g1-01,1670
7692,321,r,g1-10,1190
7693,321,r,g1-11,1610
7694,321,s,g0-00,713
7695,321,s,g0-01,423
7696,321,s,g0-10,783
7697,321,s,g0-11,480
7698,321,s,g1-00,1527
7699,321,s,g1-01,1423
7700,321,s,g1-10,1461
7701,321,s,g1-11,1455
7702,322,i,g0-00,26
7703,322,i,g0-01,22
7704,322,i,g0-10,16
7705,322,i,g0-11,11
7706,322,i,g1-00,17
7707,322,i,g1-01,41
7708,322,i,g1-10,21
7709,322,i,g1-11,18
7710,322,r,g0-00,501
7711,322,r,g0-01,423
7712,322,r,g0-10,516
7713,322,r,g0-11,410
7714,322,r,g1-00,1212
7715,322,r,g1-01,1662
7716,322,r,g1-10,1202
7717,322,r,g1-11,1617
7718,322,s,g0-00,680
7719,322,s,g0-01,395
7720,322,s,g0-10,741
7721,322,s,g0-11,499
7722,322,s,g1-00,1564
7723,322,s,g1-01,1457
7724,322,s,g1-10,1504
7725,322,s,g1-11,1445
7726,323,i,g0-00,21
7727,323,i,g0-01,20
7728,323,i,g0-10,12
7729,323,i,g0-11,14
7730,323,i,g1-00,18
7731,323,i,g1-01,41
7732,323,i,g1-10,23
7733,323,i,g1-11,21
7734,323,r,g0-00,536
7735,323,r,g0-01,433
7736,323,r,g0-10,510
7737,323,r,g0-11,426
7738,323,r,g1-00,1182
7739,323,r,g1-01,1649
7740,323,r,g1-10,1209
7741,323,r,g1-11,1601
7742,323,s,g0-00,698
7743,323,s,g0-01,386
7744,323,s,g0-10,735
7745,323,s,g0-11,437
7746,323,s,g1-00,1545
7747,323,s,g1-01,1471
7748,323,s,g1-10,1511
7749,323,s,g1-11,1501
7750,324,i,g0-00,18
7751,324,i,g0-01,21
7752,324,i,g0-10,14
7753,324,i,g0-11,16
7754,324,i,g1-00,18
7755,324,i,g1-01,41
7756,324,i,g1-10,23
7757,324,i,g1-11,16
7758,324,r,g0-00,522
7759,324,r,g0-01,446
7760,324,r,g0-10,519
7761,324,r,g0-11,420
7762,324,r,g1-00,1193
7763,324,r,g1-01,1629
7764,324,r,g1-10,1195
7765,324,r,g1-11,1609
7766,324,s,g0-00,701
7767,324,s,g0-01,431
7768,324,s,g0-10,754
7769,324,s,g0-11,451
7770,324,s,g1-00,1548
7771,324,s,g1-01,1432
7772,324,s,g1-10,1495
7773,324,s,g1-11,1488
7774,325,i,g0-00,15
7775,325,i,g0-01,19
7776,325,i,g0-10,18
7777,325,i,g0-11,11
7778,325,i,g1-00,21
7779,325,i,g1-01,43
7780,325,i,g1-10,14
7781,325,i,g1-11,20
7782,325,r,g0-00,517
7783,325,r,g0-01,425
7784,325,r,g0-10,501
7785,325,r,g0-11,402
7786,325,r,g1-00,1199
7787,325,r,g1-01,1646
7788,325,r,g1-10,1211
7789,325,r,g1-11,1623
7790,325,s,g0-00,679
7791,325,s,g0-01,391
7792,325,s,g0-10,728
7793,325,s,g0-11,486
7794,325,s,g1-00,1569
7795,325,s,g1-01,1476
7796,325,s,g1-10,1528
7797,325,s,g1-11,1458
7798,326,i,g0-00,16
7799,326,i,g0-01,24
7800,326,i,g0-10,20
7801,326,i,g0-11,11
7802,326,i,g1-00,16
7803,326,i,g1-01,39
7804,326,i,g1-10,19
7805,326,i,g1-11,22
7806,326,r,g0-00,530
7807,326,r,g0-01,404
7808,326,r,g0-10,509
7809,326,r,g0-11,410
7810,326,r,g1-00,1188
7811,326,r,g1-01,1663
7812,326,r,g1-10,1193
7813,326,r,g1-11,1610
7814,326,s,g0-00,683
7815,326,s,g0-01,392
7816,326,s,g0-10,711
7817,326,s,g0-11,468
7818,326,s,g1-00,1567
7819,326,s,g1-01,1478
7820,326,s,g1-10,1548
7821,326,s,g1-11,1479
7822,327,i,g0-00,15
7823,327,i,g0-01,26
7824,327,i,g0-10,16
7825,327,i,g0-11,14
7826,327,i,g1-00,18
7827,327,i,g1-01,35
7828,327,i,g1-10,23
7829,327,i,g1-11,20
7830,327,r,g0-00,532
7831,327,r,g0-01,413
7832,327,r,g0-10,547
7833,327,r,g0-11,428
7834,327,r,g1-00,1184
7835,327,r,g1-01,1658
7836,327,r,g1-10,1156
7837,327,r,g1-11,1588
7838,327,s,g0-00,690
7839,327,s,g0-01,422
7840,327,s,g0-10,789
7841,327,s,g0-11,475
7842,327,s,g1-00,1561
7843,327,s,g1-01,1446
7844,327,s,g1-10,1469
7845,327,s,g1-11,1475
7846,328,i,g0-00,19
7847,328,i,g0-01,29
7848,328,i,g0-10,17
7849,328,i,g0-11,12
7850,328,i,g1-00,17
7851,328,i,g1-01,31
7852,328,i,g1-10,21
7853,328,i,g1-11,25
7854,328,r,g0-00,520
7855,328,r,g0-01,433
7856,328,r,g0-10,495
7857,328,r,g0-11,421
7858,328,r,g1-00,1193
7859,328,r,g1-01,1634
7860,328,r,g1-10,1205
7861,328,r,g1-11,1594
7862,328,s,g0-00,702
7863,328,s,g0-01,423
7864,328,s,g0-10,752
7865,328,s,g0-11,463
7866,328,s,g1-00,1549
7867,328,s,g1-01,1450
7868,328,s,g1-10,1510
7869,328,s,g1-11,1485
7870,329,i,g0-00,14
7871,329,i,g0-01,25
7872,329,i,g0-10,21
7873,329,i,g0-11,16
7874,329,i,g1-00,17
7875,329,i,g1-01,33
7876,329,i,g1-10,14
7877,329,i,g1-11,23
7878,329,r,g0-00,516
7879,329,r,g0-01,395
7880,329,r,g0-10,508
7881,329,r,g0-11,417
7882,329,r,g1-00,1201
7883,329,r,g1-01,1668
7884,329,r,g1-10,1189
7885,329,r,g1-11,1593
7886,329,s,g0-00,657
7887,329,s,g0-01,403
7888,329,s,g0-10,741
7889,329,s,g0-11,471
7890,329,s,g1-00,1595
7891,329,s,g1-01,1476
7892,329,s,g1-10,1527
7893,329,s,g1-11,1480
7894,330,i,g0-00,21
7895,330,i,g0-01,17
7896,330,i,g0-10,21
7897,330,i,g0-11,12
7898,330,i,g1-00,10
7899,330,i,g1-01,40
7900,330,i,g1-10,19
7901,330,i,g1-11,27
7902,330,r,g0-00,509
7903,330,r,g0-01,432
7904,330,r,g0-10,512
7905,330,r,g0-11,424
7906,330,r,g1-00,1205
7907,330,r,g1-01,1630
7908,330,r,g1-10,1182
7909,330,r,g1-11,1589
7910,330,s,g0-00,680
7911,330,s,g0-01,406
7912,330,s,g0-10,766
7913,330,s,g0-11,430
7914,330,s,g1-00,1575
7915,330,s,g1-01,1475
7916,330,s,g1-10,1500
7917,330,s,g1-11,1518
7918,331,i,g0-00,15
7919,331,i,g0-01,28
7920,331,i,g0-10,24
7921,331,i,g0-11,17
7922,331,i,g1-00,21
7923,331,i,g1-01,27
7924,331,i,g1-10,12
7925,331,i,g1-11,26
7926,331,r,g0-00,496
7927,331,r,g0-01,423
7928,331,r,g0-10,523
7929,331,r,g0-11,428
7930,331,r,g1-00,1214
7931,331,r,g1-01,1641
7932,331,r,g1-10,1167
7933,331,r,g1-11,1580
7934,331,s,g0-00,665
7935,331,s,g0-01,420
7936,331,s,g0-10,772
7937,331,s,g0-11,461
7938,331,s,g1-00,1589
7939,331,s,g1-01,1461
7940,331,s,g1-10,1502
7941,331,s,g1-11,1488
7942,332,i,g0-00,19
7943,332,i,g0-01,24
7944,332,i,g0-10,14
7945,332,i,g0-11,17
7946,332,i,g1-00,17
7947,332,i,g1-01,34
7948,332,i,g1-10,17
7949,332,i,g1-11,30
7950,332,r,g0-00,537
7951,332,r,g0-01,426
7952,332,r,g0-10,509
7953,332,r,g0-11,458
7954,332,r,g1-00,1172
7955,332,r,g1-01,1635
7956,332,r,g1-10,1187
7957,332,r,g1-11,1543
7958,332,s,g0-00,713
7959,332,s,g0-01,398
7960,332,s,g0-10,790
7961,332,s,g0-11,451
7962,332,s,g1-00,1542
7963,332,s,g1-01,1483
7964,332,s,g1-10,1483
7965,332,s,g1-11,1501
7966,333,i,g0-00,18
7967,333,i,g0-01,19
7968,333,i,g0-10,16
7969,333,i,g0-11,17
7970,333,i,g1-00,22
7971,333,i,g1-01,36
7972,333,i,g1-10,17
7973,333,i,g1-11,25
7974,333,r,g0-00,513
7975,333,r,g0-01,441
7976,333,r,g0-10,516
7977,333,r,g0-11,445
7978,333,r,g1-00,1194
7979,333,r,g1-01,1616
7980,333,r,g1-10,1174
7981,333,r,g1-11,1557
7982,333,s,g0-00,721
7983,333,s,g0-01,428
7984,333,s,g0-10,731
7985,333,s,g0-11,463
7986,333,s,g1-00,1532
7987,333,s,g1-01,1460
7988,333,s,g1-10,1546
7989,333,s,g1-11,1493
7990,334,i,g0-00,21
7991,334,i,g0-01,35
7992,334,i,g0-10,15
7993,334,i,g0-11,19
7994,334,i,g1-00,14
7995,334,i,g1-01,25
7996,334,i,g1-10,15
7997,334,i,g1-11,26
7998,334,r,g0-00,494
7999,334,r,g0-01,417
8000,334,r,g0-10,502
8001,334,r,g0-11,398
8002,334,r,g1-00,1215
8003,334,r,g1-01,1635
8004,334,r,g1-10,1189
8005,334,r,g1-11,1599
8006,334,s,g0-00,679
8007,334,s,g0-01,404
8008,334,s,g0-10,767
8009,334,s,g0-11,427
8010,334,s,g1-00,1577
8011,334,s,g1-01,1484
8012,334,s,g1-10,1512
8013,334,s,g1-11,1531
8014,335,i,g0-00,17
8015,335,i,g0-01,21
8016,335,i,g0-10,10
8017,335,i,g0-11,17
8018,335,i,g1-00,15
8019,335,i,g1-01,36
8020,335,i,g1-10,16
8021,335,i,g1-11,32
8022,335,r,g0-00,497
8023,335,r,g0-01,425
8024,335,r,g0-10,515
8025,335,r,g0-11,445
8026,335,r,g1-00,1209
8027,335,r,g1-01,1623
8028,335,r,g1-10,1172
8029,335,r,g1-11,1550
8030,335,s,g0-00,708
8031,335,s,g0-01,416
8032,335,s,g0-10,741
8033,335,s,g0-11,500
8034,335,s,g1-00,1554
8035,335,s,g1-01,1479
8036,335,s,g1-10,1546
8037,335,s,g1-11,1456
8038,336,i,g0-00,18
8039,336,i,g0-01,24
8040,336,i,g0-10,14
8041,336,i,g0-11,18
8042,336,i,g1-00,16
8043,336,i,g1-01,32
8044,336,i,g1-10,11
8045,336,i,g1-11,29
8046,336,r,g0-00,476
8047,336,r,g0-01,449
8048,336,r,g0-10,498
8049,336,r,g0-11,415
8050,336,r,g1-00,1226
8051,336,r,g1-01,1595
8052,336,r,g1-10,1185
8053,336,r,g1-11,1580
8054,336,s,g0-00,700
8055,336,s,g0-01,396
8056,336,s,g0-10,781
8057,336,s,g0-11,490
8058,336,s,g1-00,1564
8059,336,s,g1-01,1504
8060,336,s,g1-10,1511
8061,336,s,g1-11,1468
8062,337,i,g0-00,13
8063,337,i,g0-01,23
8064,337,i,g0-10,17
8065,337,i,g0-11,16
8066,337,i,g1-00,19
8067,337,i,g1-01,36
8068,337,i,g1-10,14
8069,337,i,g1-11,35
8070,337,r,g0-00,536
8071,337,r,g0-01,408
8072,337,r,g0-10,528
8073,337,r,g0-11,393
8074,337,r,g1-00,1162
8075,337,r,g1-01,1635
8076,337,r,g1-10,1151
8077,337,r,g1-11,1596
8078,337,s,g0-00,698
8079,337,s,g0-01,404
8080,337,s,g0-10,740
8081,337,s,g0-11,488
8082,337,s,g1-00,1572
8083,337,s,g1-01,1494
8084,337,s,g1-10,1550
8085,337,s,g1-11,1472
8086,338,i,g0-00,12
8087,338,i,g0-01,27
8088,338,i,g0-10,14
8089,338,i,g0-11,20
8090,338,i,g1-00,17
8091,338,i,g1-01,25
8092,338,i,g1-10,15
8093,338,i,g1-11,31
8094,338,r,g0-00,483
8095,338,r,g0-01,445
8096,338,r,g0-10,499
8097,338,r,g0-11,398
8098,338,r,g1-00,1217
8099,338,r,g1-01,1603
8100,338,r,g1-10,1183
8101,338,r,g1-11,1585
8102,338,s,g0-00,701
8103,338,s,g0-01,438
8104,338,s,g0-10,765
8105,338,s,g0-11,429
8106,338,s,g1-00,1570
8107,338,s,g1-01,1462
8108,338,s,g1-10,1524
8109,338,s,g1-11,1537
8110,339,i,g0-00,16
8111,339,i,g0-01,22
8112,339,i,g0-10,11
8113,339,i,g0-11,17
8114,339,i,g1-00,13
8115,339,i,g1-01,29
8116,339,i,g1-10,18
8117,339,i,g1-11,36
8118,339,r,g0-00,527
8119,339,r,g0-01,416
8120,339,r,g0-10,509
8121,339,r,g0-11,383
8122,339,r,g1-00,1174
8123,339,r,g1-01,1632
8124,339,r,g1-10,1173
8125,339,r,g1-11,1598
8126,339,s,g0-00,734
8127,339,s,g0-01,428
8128,339,s,g0-10,739
8129,339,s,g0-11,490
8130,339,s,g1-00,1536
8131,339,s,g1-01,1473
8132,339,s,g1-10,1550
8133,339,s,g1-11,1476
8134,340,i,g0-00,13
8135,340,i,g0-01,28
8136,340,i,g0-10,7
8137,340,i,g0-11,15
8138,340,i,g1-00,15
8139,340,i,g1-01,25
8140,340,i,g1-10,16
8141,340,i,g1-11,37
8142,340,r,g0-00,555
8143,340,r,g0-01,427
8144,340,r,g0-10,464
8145,340,r,g0-11,438
8146,340,r,g1-00,1145
8147,340,r,g1-01,1616
8148,340,r,g1-10,1222
8149,340,r,g1-11,1542
8150,340,s,g0-00,704
8151,340,s,g0-01,415
8152,340,s,g0-10,774
8153,340,s,g0-11,480
8154,340,s,g1-00,1568
8155,340,s,g1-01,1489
8156,340,s,g1-10,1517
8157,340,s,g1-11,1488
8158,341,i,g0-00,16
8159,341,i,g0-01,22
8160,341,i,g0-10,13
8161,341,i,g0-11,17
8162,341,i,g1-00,12
8163,341,i,g1-01,32
8164,341,i,g1-10,12
8165,341,i,g1-11,43
8166,341,r,g0-00,511
8167,341,r,g0-01,417
8168,341,r,g0-10,487
8169,341,r,g0-11,416
8170,341,r,g1-00,1184
8171,341,r,g1-01,1625
8172,341,r,g1-10,1196
8173,341,r,g1-11,1562
8174,341,s,g0-00,715
8175,341,s,g0-01,404
8176,341,s,g0-10,732
8177,341,s,g0-11,515
8178,341,s,g1-00,1562
8179,341,s,g1-01,1500
8180,341,s,g1-10,1560
8181,341,s,g1-11,1447
8182,342,i,g0-00,16
8183,342,i,g0-01,21
8184,342,i,g0-10,12
8185,342,i,g0-11,23
8186,342,i,g1-00,13
8187,342,i,g1-01,31
8188,342,i,g1-10,15
8189,342,i,g1-11,37
8190,342,r,g0-00,530
8191,342,r,g0-01,415
8192,342,r,g0-10,496
8193,342,r,g0-11,389
8194,342,r,g1-00,1161
8195,342,r,g1-01,1623
8196,342,r,g1-10,1182
8197,342,r,g1-11,1581
8198,342,s,g0-00,717
8199,342,s,g0-01,410
8200,342,s,g0-10,775
8201,342,s,g0-11,478
8202,342,s,g1-00,1563
8203,342,s,g1-01,1500
8204,342,s,g1-10,1520
8205,342,s,g1-11,1492
8206,343,i,g0-00,20
8207,343,i,g0-01,23
8208,343,i,g0-10,9
8209,343,i,g0-11,24
8210,343,i,g1-00,10
8211,343,i,g1-01,27
8212,343,i,g1-10,17
8213,343,i,g1-11,32
8214,343,r,g0-00,476
8215,343,r,g0-01,405
8216,343,r,g0-10,510
8217,343,r,g0-11,417
8218,343,r,g1-00,1209
8219,343,r,g1-01,1627
8220,343,r,g1-10,1164
8221,343,r,g1-11,1550
8222,343,s,g0-00,752
8223,343,s,g0-01,424
8224,343,s,g0-10,767
8225,343,s,g0-11,485
8226,343,s,g1-00,1533
8227,343,s,g1-01,1494
8228,343,s,g1-10,1533
8229,343,s,g1-11,1492
8230,344,i,g0-00,17
8231,344,i,g0-01,18
8232,344,i,g0-10,17
8233,344,i,g0-11,19
8234,344,i,g1-00,15
8235,344,i,g1-01,26
8236,344,i,g1-10,12
8237,344,i,g1-11,41
8238,344,r,g0-00,530
8239,344,r,g0-01,421
8240,344,r,g0-10,508
8241,344,r,g0-11,424
8242,344,r,g1-00,1152
8243,344,r,g1-01,1611
8244,344,r,g1-10,1162
8245,344,r,g1-11,1539
8246,344,s,g0-00,711
8247,344,s,g0-01,426
8248,344,s,g0-10,768
8249,344,s,g0-11,477
8250,344,s,g1-00,1575
8251,344,s,g1-01,1498
8252,344,s,g1-10,1533
8253,344,s,g1-11,1500
8254,345,i,g0-00,20
8255,345,i,g0-01,15
8256,345,i,g0-10,14
8257,345,i,g0-11,23
8258,345,i,g1-00,13
8259,345,i,g1-01,33
8260,345,i,g1-10,15
8261,345,i,g1-11,34
8262,345,r,g0-00,516
8263,345,r,g0-01,432
8264,345,r,g0-10,562
8265,345,r,g0-11,434
8266,345,r,g1-00,1166
8267,345,r,g1-01,1597
8268,345,r,g1-10,1104
8269,345,r,g1-11,1520
8270,345,s,g0-00,693
8271,345,s,g0-01,438
8272,345,s,g0-10,795
8273,345,s,g0-11,504
8274,345,s,g1-00,1592
8275,345,s,g1-01,1485
8276,345,s,g1-10,1510
8277,345,s,g1-11,1485
8278,346,i,g0-00,19
8279,346,i,g0-01,14
8280,346,i,g0-10,16
8281,346,i,g0-11,22
8282,346,i,g1-00,12
8283,346,i,g1-01,34
8284,346,i,g1-10,15
8285,346,i,g1-11,35
8286,346,r,g0-00,506
8287,346,r,g0-01,412
8288,346,r,g0-10,503
8289,346,r,g0-11,382
8290,346,r,g1-00,1178
8291,346,r,g1-01,1617
8292,346,r,g1-10,1149
8293,346,r,g1-11,1575
8294,346,s,g0-00,697
8295,346,s,g0-01,396
8296,346,s,g0-10,774
8297,346,s,g0-11,468
8298,346,s,g1-00,1588
8299,346,s,g1-01,1527
8300,346,s,g1-10,1543
8301,346,s,g1-11,1518
8302,347,i,g0-00,15
8303,347,i,g0-01,22
8304,347,i,g0-10,18
8305,347,i,g0-11,24
8306,347,i,g1-00,20
8307,347,i,g1-01,22
8308,347,i,g1-10,14
8309,347,i,g1-11,33
8310,347,r,g0-00,513
8311,347,r,g0-01,458
8312,347,r,g0-10,520
8313,347,r,g0-11,406
8314,347,r,g1-00,1167
8315,347,r,g1-01,1570
8316,347,r,g1-10,1127
8317,347,r,g1-11,1550
8318,347,s,g0-00,723
8319,347,s,g0-01,427
8320,347,s,g0-10,770
8321,347,s,g0-11,481
8322,347,s,g1-00,1562
8323,347,s,g1-01,1501
8324,347,s,g1-10,1551
8325,347,s,g1-11,1506
8326,348,i,g0-00,18
8327,348,i,g0-01,15
8328,348,i,g0-10,14
8329,348,i,g0-11,21
8330,348,i,g1-00,22
8331,348,i,g1-01,24
8332,348,i,g1-10,19
8333,348,i,g1-11,40
8334,348,r,g0-00,485
8335,348,r,g0-01,408
8336,348,r,g0-10,496
8337,348,r,g0-11,397
8338,348,r,g1-00,1187
8339,348,r,g1-01,1621
8340,348,r,g1-10,1146
8341,348,r,g1-11,1555
8342,348,s,g0-00,706
8343,348,s,g0-01,425
8344,348,s,g0-10,810
8345,348,s,g0-11,481
8346,348,s,g1-00,1582
8347,348,s,g1-01,1507
8348,348,s,g1-10,1515
8349,348,s,g1-11,1506
8350,349,i,g0-00,21
8351,349,i,g0-01,17
8352,349,i,g0-10,16
8353,349,i,g0-11,22
8354,349,i,g1-00,19
8355,349,i,g1-01,27
8356,349,i,g1-10,19
8357,349,i,g1-11,31
8358,349,r,g0-00,522
8359,349,r,g0-01,392
8360,349,r,g0-10,490
8361,349,r,g0-11,418
8362,349,r,g1-00,1147
8363,349,r,g1-01,1629
8364,349,r,g1-10,1152
8365,349,r,g1-11,1542
8366,349,s,g0-00,713
8367,349,s,g0-01,424
8368,349,s,g0-10,774
8369,349,s,g0-11,468
8370,349,s,g1-00,1578
8371,349,s,g1-01,1511
8372,349,s,g1-10,1549
8373,349,s,g1-11,1519
8374,350,i,g0-00,17
8375,350,i,g0-01,17
8376,350,i,g0-10,19
8377,350,i,g0-11,22
8378,350,i,g1-00,26
8379,350,i,g1-01,32
8380,350,i,g1-10,19
8381,350,i,g1-11,31
8382,350,r,g0-00,500
8383,350,r,g0-01,402
8384,350,r,g0-10,475
8385,350,r,g0-11,373
8386,350,r,g1-00,1170
8387,350,r,g1-01,1616
8388,350,r,g1-10,1162
8389,350,r,g1-11,1583
8390,350,s,g0-00,758
8391,350,s,g0-01,395
8392,350,s,g0-10,785
8393,350,s,g0-11,503
8394,350,s,g1-00,1529
8395,350,s,g1-01,1538
8396,350,s,g1-10,1540
8397,350,s,g1-11,1488
8398,351,i,g0-00,15
8399,351,i,g0-01,18
8400,351,i,g0-10,23
8401,351,i,g0-11,18
8402,351,i,g1-00,25
8403,351,i,g1-01,29
8404,351,i,g1-10,15
8405,351,i,g1-11,40
8406,351,r,g0-00,501
8407,351,r,g0-01,403
8408,351,r,g0-10,466
8409,351,r,g0-11,380
8410,351,r,g1-00,1168
8411,351,r,g1-01,1610
8412,351,r,g1-10,1170
8413,351,r,g1-11,1578
8414,351,s,g0-00,690
8415,351,s,g0-01,442
8416,351,s,g0-10,741
8417,351,s,g0-11,444
8418,351,s,g1-00,1601
8419,351,s,g1-01,1498
8420,351,s,g1-10,1585
8421,351,s,g1-11,1540
8422,352,i,g0-00,21
8423,352,i,g0-01,15
8424,352,i,g0-10,23
8425,352,i,g0-11,27
8426,352,i,g1-00,19
8427,352,i,g1-01,31
8428,352,i,g1-10,17
8429,352,i,g1-11,28
8430,352,r,g0-00,472
8431,352,r,g0-01,428
8432,352,r,g0-10,488
8433,352,r,g0-11,386
8434,352,r,g1-00,1196
8435,352,r,g1-01,1584
8436,352,r,g1-10,1145
8437,352,r,g1-11,1578
8438,352,s,g0-00,746
8439,352,s,g0-01,393
8440,352,s,g0-10,732
8441,352,s,g0-11,523
8442,352,s,g1-00,1546
8443,352,s,g1-01,1549
8444,352,s,g1-10,1595
8445,352,s,g1-11,1458
8446,353,i,g0-00,17
8447,353,i,g0-01,16
8448,353,i,g0-10,24
8449,353,i,g0-11,22
8450,353,i,g1-00,18
8451,353,i,g1-01,34
8452,353,i,g1-10,23
8453,353,i,g1-11,32
8454,353,r,g0-00,482
8455,353,r,g0-01,444
8456,353,r,g0-10,484
8457,353,r,g0-11,395
8458,353,r,g1-00,1182
8459,353,r,g1-01,1564
8460,353,r,g1-10,1144
8461,353,r,g1-11,1565
8462,353,s,g0-00,719
8463,353,s,g0-01,439
8464,353,s,g0-10,789
8465,353,s,g0-11,527
8466,353,s,g1-00,1582
8467,353,s,g1-01,1503
8468,353,s,g1-10,1536
8469,353,s,g1-11,1459
8470,354,i,g0-00,17
8471,354,i,g0-01,15
8472,354,i,g0-10,24
8473,354,i,g0-11,29
8474,354,i,g1-00,21
8475,354,i,g1-01,30
8476,354,i,g1-10,17
8477,354,i,g1-11,25
8478,354,r,g0-00,495
8479,354,r,g0-01,440
8480,354,r,g0-10,494
8481,354,r,g0-11,407
8482,354,r,g1-00,1165
8483,354,r,g1-01,1571
8484,354,r,g1-10,1138
8485,354,r,g1-11,1550
8486,354,s,g0-00,705
8487,354,s,g0-01,426
8488,354,s,g0-10,734
8489,354,s,g0-11,497
8490,354,s,g1-00,1597
8491,354,s,g1-01,1518
8492,354,s,g1-10,1593
8493,354,s,g1-11,1492
8494,355,i,g0-00,22
8495,355,i,g0-01,19
8496,355,i,g0-10,18
8497,355,i,g0-11,21
8498,355,i,g1-00,22
8499,355,i,g1-01,24
8500,355,i,g1-10,29
8501,355,i,g1-11,30
8502,355,r,g0-00,473
8503,355,r,g0-01,420
8504,355,r,g0-10,496
8505,355,r,g0-11,433
8506,355,r,g1-00,1187
8507,355,r,g1-01,1585
8508,355,r,g1-10,1130
8509,355,r,g1-11,1522
8510,355,s,g0-00,734
8511,355,s,g0-01,449
8512,355,s,g0-10,760
8513,355,s,g0-11,488
8514,355,s,g1-00,1562
8515,355,s,g1-01,1503
8516,355,s,g1-10,1567
8517,355,s,g1-11,1506
8518,356,i,g0-00,21
8519,356,i,g0-01,23
8520,356,i,g0-10,21
8521,356,i,g0-11,11
8522,356,i,g1-00,21
8523,356,i,g1-01,23
8524,356,i,g1-10,22
8525,356,i,g1-11,46
8526,356,r,g0-00,480
8527,356,r,g0-01,403
8528,356,r,g0-10,503
8529,356,r,g0-11,423
8530,356,r,g1-00,1177
8531,356,r,g1-01,1598
8532,356,r,g1-10,1130
8533,356,r,g1-11,1538
8534,356,s,g0-00,717
8535,356,s,g0-01,455
8536,356,s,g0-10,770
8537,356,s,g0-11,522
8538,356,s,g1-00,1584
8539,356,s,g1-01,1498
8540,356,s,g1-10,1554
8541,356,s,g1-11,1460
8542,357,i,g0-00,21
8543,357,i,g0-01,15
8544,357,i,g0-10,19
8545,357,i,g0-11,17
8546,357,i,g1-00,22
8547,357,i,g1-01,36
8548,357,i,g1-10,29
8549,357,i,g1-11,40
8550,357,r,g0-00,488
8551,357,r,g0-01,370
8552,357,r,g0-10,498
8553,357,r,g0-11,423
8554,357,r,g1-00,1162
8555,357,r,g1-01,1626
8556,357,r,g1-10,1135
8557,357,r,g1-11,1535
8558,357,s,g0-00,736
8559,357,s,g0-01,444
8560,357,s,g0-10,814
8561,357,s,g0-11,499
8562,357,s,g1-00,1571
8563,357,s,g1-01,1509
8564,357,s,g1-10,1505
8565,357,s,g1-11,1486
8566,358,i,g0-00,21
8567,358,i,g0-01,21
8568,358,i,g0-10,22
8569,358,i,g0-11,19
8570,358,i,g1-00,25
8571,358,i,g1-01,32
8572,358,i,g1-10,29
8573,358,i,g1-11,35
8574,358,r,g0-00,507
8575,358,r,g0-01,415
8576,358,r,g0-10,511
8577,358,r,g0-11,396
8578,358,r,g1-00,1147
8579,358,r,g1-01,1578
8580,358,r,g1-10,1124
8581,358,r,g1-11,1564
8582,358,s,g0-00,732
8583,358,s,g0-01,436
8584,358,s,g0-10,767
8585,358,s,g0-11,506
8586,358,s,g1-00,1568
8587,358,s,g1-01,1518
8588,358,s,g1-10,1547
8589,358,s,g1-11,1480
8590,359,i,g0-00,28
8591,359,i,g0-01,21
8592,359,i,g0-10,33
8593,359,i,g0-11,16
8594,359,i,g1-00,18
8595,359,i,g1-01,28
8596,359,i,g1-10,20
8597,359,i,g1-11,36
8598,359,r,g0-00,509
8599,359,r,g0-01,413
8600,359,r,g0-10,473
8601,359,r,g0-11,423
8602,359,r,g1-00,1147
8603,359,r,g1-01,1577
8604,359,r,g1-10,1156
8605,359,r,g1-11,1534
8606,359,s,g0-00,734
8607,359,s,g0-01,438
8608,359,s,g0-10,799
8609,359,s,g0-11,472
8610,359,s,g1-00,1564
8611,359,s,g1-01,1523
8612,359,s,g1-10,1519
8613,359,s,g1-11,1519
8614,360,i,g0-00,23
8615,360,i,g0-01,15
8616,360,i,g0-10,35
8617,360,i,g0-11,19
8618,360,i,g1-00,15
8619,360,i,g1-01,34
8620,360,i,g1-10,22
8621,360,i,g1-11,35
8622,360,r,g0-00,490
8623,360,r,g0-01,403
8624,360,r,g0-10,461
8625,360,r,g0-11,419
8626,360,r,g1-00,1167
8627,360,r,g1-01,1586
8628,360,r,g1-10,1163
8629,360,r,g1-11,1542
8630,360,s,g0-00,754
8631,360,s,g0-01,429
8632,360,s,g0-10,781
8633,360,s,g0-11,506
8634,360,s,g1-00,1551
8635,360,s,g1-01,1533
8636,360,s,g1-10,1538
8637,360,s,g1-11,1479
8638,361,i,g0-00,25
8639,361,i,g0-01,20
8640,361,i,g0-10,32
8641,361,i,g0-11,28
8642,361,i,g1-00,20
8643,361,i,g1-01,30
8644,361,i,g1-10,26
8645,361,i,g1-11,26
8646,361,r,g0-00,489
8647,361,r,g0-01,437
8648,361,r,g0-10,471
8649,361,r,g0-11,420
8650,361,r,g1-00,1158
8651,361,r,g1-01,1550
8652,361,r,g1-10,1156
8653,361,r,g1-11,1539
8654,361,s,g0-00,720
8655,361,s,g0-01,411
8656,361,s,g0-10,802
8657,361,s,g0-11,507
8658,361,s,g1-00,1588
8659,361,s,g1-01,1552
8660,361,s,g1-10,1513
8661,361,s,g1-11,1480
8662,362,i,g0-00,25
8663,362,i,g0-01,21
8664,362,i,g0-10,38
8665,362,i,g0-11,22
8666,362,i,g1-00,21
8667,362,i,g1-01,29
8668,362,i,g1-10,27
8669,362,i,g1-11,36
8670,362,r,g0-00,496
8671,362,r,g0-01,408
8672,362,r,g0-10,446
8673,362,r,g0-11,417
8674,362,r,g1-00,1151
8675,362,r,g1-01,1575
8676,362,r,g1-10,1184
8677,362,r,g1-11,1535
8678,362,s,g0-00,722
8679,362,s,g0-01,432
8680,362,s,g0-10,806
8681,362,s,g0-11,488
8682,362,s,g1-00,1585
8683,362,s,g1-01,1535
8684,362,s,g1-10,1499
8685,362,s,g1-11,1502
8686,363,i,g0-00,18
8687,363,i,g0-01,27
8688,363,i,g0-10,37
8689,363,i,g0-11,24
8690,363,i,g1-00,26
8691,363,i,g1-01,25
8692,363,i,g1-10,25
8693,363,i,g1-11,36
8694,363,r,g0-00,502
8695,363,r,g0-01,369
8696,363,r,g0-10,445
8697,363,r,g0-11,389
8698,363,r,g1-00,1150
8699,363,r,g1-01,1613
8700,363,r,g1-10,1188
8701,363,r,g1-11,1556
8702,363,s,g0-00,752
8703,363,s,g0-01,419
8704,363,s,g0-10,767
8705,363,s,g0-11,488
8706,363,s,g1-00,1552
8707,363,s,g1-01,1547
8708,363,s,g1-10,1538
8709,363,s,g1-11,1507
8710,364,i,g0-00,24
8711,364,i,g0-01,22
8712,364,i,g0-10,35
8713,364,i,g0-11,26
8714,364,i,g1-00,24
8715,364,i,g1-01,29
8716,364,i,g1-10,29
8717,364,i,g1-11,39
8718,364,r,g0-00,505
8719,364,r,g0-01,404
8720,364,r,g0-10,480
8721,364,r,g0-11,415
8722,364,r,g1-00,1151
8723,364,r,g1-01,1583
8724,364,r,g1-10,1156
8725,364,r,g1-11,1527
8726,364,s,g0-00,722
8727,364,s,g0-01,461
8728,364,s,g0-10,778
8729,364,s,g0-11,503
8730,364,s,g1-00,1574
8731,364,s,g1-01,1501
8732,364,s,g1-10,1522
8733,364,s,g1-11,1490
8734,365,i,g0-00,19
8735,365,i,g0-01,21
8736,365,i,g0-10,30
8737,365,i,g0-11,25
8738,365,i,g1-00,28
8739,365,i,g1-01,28
8740,365,i,g1-10,29
8741,365,i,g1-11,38
8742,365,r,g0-00,513
8743,365,r,g0-01,425
8744,365,r,g0-10,492
8745,365,r,g0-11,410
8746,365,r,g1-00,1145
8747,365,r,g1-01,1567
8748,365,r,g1-10,1148
8749,365,r,g1-11,1532
8750,365,s,g0-00,705
8751,365,s,g0-01,435
8752,365,s,g0-10,822
8753,365,s,g0-11,496
8754,365,s,g1-00,1590
8755,365,s,g1-01,1524
8756,365,s,g1-10,1479
8757,365,s,g1-11,1499
